23	2	1	2	1	24.2137678057	4	1	8	10	-1.80314172108	1.17097392528	-0.0323401410399	-0.0203763113101	0.159123140574	-0.0494198799133	-0.71465511322	3.1627497673	11.1827283598
23	2	1	2	2	22.7149350062	2	4	5	10	2.11049844441	0.41023934006	-0.0394236526121	0.0163175198356	-0.171131265163	-0.0768628716469	2.24762504101	-0.772710680962	12.9322544491
23	2	1	2	3	26.1980836547	1	2	8	10	2.11049844441	0.41023934006	0.0548040317657	0.0706133977938	-0.209238541126	-0.0197697281837	2.43377714157	1.49647605419	16.4988997782
23	2	1	2	4	22.3649352054	3	0	6	10	1.80314172108	1.17097392528	0.0395405570612	0.0717570149225	0.244914203137	-0.165360987186	-1.70131559372	2.67460751534	14.1991626931
23	2	1	1	5	23.6648210067	2	4	8	10	2.11049844441	0.41023934006	0.103637269248	0.160134058807	0.224310542643	0.00504472851753	1.38883011341	-0.889803290367	7.46584259614
23	2	1	1	6	24.4315052178	1	2	5	10	2.11049844441	0.41023934006	0.0400187402111	0.0296938372951	-0.0114550411701	0.326717719436	2.73013930321	1.05436629057	9.86589005676
23	2	1	1	7	19.2650981692	3	4	6	10	2.11049844441	0.41023934006	-0.0714939090668	0.0267625706609	0.170908796787	0.0372832715511	1.74090735912	0.524196751416	7.18289179354
23	2	1	1	8	20.3985310176	4	0	8	10	1.80314172108	1.17097392528	0.0479055531355	-0.00936434917708	0.0825374901295	0.0537493824959	2.64097528458	0.986529439688	9.7026981542
23	2	1	2	9	24.7317158716	3	3	9	10	-2.11049844441	0.41023934006	0.0170500613238	-0.116161958886	-0.104735773802	-0.115338861942	-2.36365480423	2.05938005447	10.7825916056
23	2	1	2	10	21.7319505395	2	2	9	10	2.11049844441	0.41023934006	0.00979299298798	0.00991743832569	-0.0978029489517	-0.145117878914	2.49087600708	-0.945605516434	11.298717552
23	2	1	2	11	24.5147287809	4	0	6	10	1.80314172108	1.17097392528	-0.0522992536149	0.0261688458576	0.145510318875	0.034847587347	2.32510905266	0.677140384912	12.8657699673
23	2	1	2	12	17.498580403	1	4	9	10	2.11049844441	0.41023934006	0.000355289430606	0.0020934703689	0.0898378372192	-0.279473602772	1.50761120319	2.27916109562	12.015896846
23	2	1	1	13	25.0483993271	3	1	5	10	-1.80314172108	1.17097392528	-0.053263949739	-0.055109520601	-0.079205673933	-0.110563516617	-2.86752457619	1.21864050627	7.61638098568
23	2	1	1	14	23.1984165858	1	1	7	10	-1.80314172108	1.17097392528	0.0630937239307	-0.039245142312	-0.0104316592216	-0.137438714504	-1.6446387291	0.833845585585	14.7325085523
23	2	1	1	15	16.5156369836	2	2	7	10	2.11049844441	0.41023934006	-0.0203850668317	0.107786928715	-0.216836285591	-0.123399674892	2.81361775398	0.493648471311	14.3196450735
23	2	1	1	16	15.3481944739	4	2	7	10	2.11049844441	0.41023934006	-0.109422893072	0.0279576223505	0.00395591855049	-0.0757237672806	2.12230818272	-0.189351499081	6.83301234916
23	2	1	2	17	20.5319730724	2	1	8	10	-1.80314172108	1.17097392528	-0.0526735421312	-0.0149841045655	0.0982972562313	0.0916322469711	-1.20254261494	1.78044211864	10.2656913612
23	2	1	2	18	20.6086219954	3	1	5	10	-1.80314172108	1.17097392528	-0.0794805595869	-0.0101403791455	-0.133442801237	-0.130234539509	-1.98951454163	1.8469799757	10.0661357355
23	2	1	2	19	18.7318726815	4	4	5	10	2.11049844441	0.41023934006	0.0687614750923	0.0223898347562	0.0618455439806	-0.0807952880859	2.74890618324	0.706842586398	12.1825919702
23	2	1	2	20	22.8983007706	1	1	5	10	-1.80314172108	1.17097392528	0.0241018699147	-0.024175011168	0.48577927351	-0.33713310957	1.8307084322	1.29241973162	16.2155337168
23	2	1	1	21	22.6816391602	1	0	8	10	1.80314172108	1.17097392528	-0.130487358432	-0.0387930960368	-0.776748967171	0.112023890018	1.81611852646	1.28107082844	9.21850087215
23	2	1	1	22	27.6979981241	2	1	5	10	-1.80314172108	1.17097392528	0.0598400728074	0.0875052490306	-0.0639693260193	-0.17411416769	-2.8238796711	0.946403861046	12.982179918
23	2	1	1	23	15.5821981016	3	0	9	10	1.80314172108	1.17097392528	-0.0716053530272	0.0159361275488	-0.0433526754379	-0.1018024683	1.81932966709	1.26155489683	7.10097818127
23	2	1	1	24	25.5313960453	4	3	9	10	-2.11049844441	0.41023934006	0.104062042661	0.0112206176956	-0.138714772463	-0.150334060192	-1.59102160931	1.75585258007	7.04922909665
23	2	1	2	25	21.7980862862	1	3	7	10	-2.11049844441	0.41023934006	0.0728135685636	-0.0549858616301	0.40721411556	0.225878924131	-2.5299665451	0.987495332956	11.3827172287
23	2	1	2	26	16.2645908199	4	2	7	10	2.11049844441	0.41023934006	0.000966312608932	0.0295869077418	-0.126641583443	-0.088388979435	1.59801499844	0.849894225597	11.5994149355
23	2	1	2	27	22.3508028458	3	2	8	10	2.11049844441	0.41023934006	-0.0134014545437	0.15821882813	0.202237609029	0.0381463766098	1.54571800232	0.749219477177	10.0994488628
23	2	1	2	28	21.398878185	2	0	6	10	1.80314172108	1.17097392528	-3.77337098771e-006	0.0836019384082	0.115981939435	-0.0507191419601	1.43860940933	-0.0233668684959	4.92933403256
23	2	1	1	29	18.5653735687	4	1	6	10	-1.80314172108	1.17097392528	0.103098553816	0.0201761954242	0.119566145539	0.0194262266159	-1.32955546379	1.46001839638	7.31832052178
23	2	1	1	30	21.4863128153	3	3	7	10	-2.11049844441	0.41023934006	0.0500180876708	0.0508845925811	-0.123945456743	-0.0956374406815	-1.7167889595	0.478948419914	5.09970646216
23	2	1	1	31	26.0314851848	2	3	6	10	-2.11049844441	0.41023934006	0.00780308765525	-0.0085928616527	0.141980412602	0.0463756918907	-1.0874720335	1.86083555222	8.01580784933
23	2	1	1	32	18.9979546746	1	4	9	10	2.11049844441	0.41023934006	0.0161559463847	-0.0301009230297	-0.0233721554279	-0.0480717420578	1.44604914188	0.0625959336758	8.29910855983
23	2	1	2	33	26.5985814293	4	3	9	10	-2.11049844441	0.41023934006	0.0279364269079	0.0305710511678	-0.0174659609795	-0.132418870926	-2.41564221382	1.21442365646	9.13293008158
23	2	1	2	34	22.4484129243	1	0	6	10	1.80314172108	1.17097392528	-0.0361475530856	0.017085355783	-0.0141706585884	0.401862837374	1.19946216345	0.824446707964	11.8659090899
23	2	1	2	35	22.4982889327	2	3	7	10	-2.11049844441	0.41023934006	0.0330441800035	0.0141687278006	-0.171505701542	-0.118414878845	-2.14940257072	-0.478552520275	6.26602775084
23	2	1	2	36	16.115462118	3	4	7	10	2.11049844441	0.41023934006	-0.0598802664598	0.0212976687026	-0.0743139505386	-0.125671267509	1.63841598034	0.385738506913	8.86233459268
23	2	1	1	37	26.0812096199	3	2	8	10	2.11049844441	0.41023934006	0.017625508774	0.00774460390147	0.194070006907	0.0146484076977	1.00015960932	0.375351712108	5.44983674674
23	2	1	1	38	15.2487650427	2	0	9	10	1.80314172108	1.17097392528	0.160383396954	0.0013333304803	-0.189189535379	-0.207892596722	2.73481183052	0.520706085488	10.3823157889
23	2	1	1	39	16.9320519341	4	4	5	10	2.11049844441	0.41023934006	0.0154677127518	-0.143116232531	-0.0299820125103	-0.167352557182	2.45667724609	-0.55370926857	9.08285888125
23	2	1	1	40	15.0821602684	1	3	6	10	-2.11049844441	0.41023934006	-0.00769547793992	0.0891054610411	-0.120798569918	0.297156825662	-2.06756134033	0.529904272407	8.93291838653
23	2	2	2	1	18.7323468272	3	0	6	10	1.80314172108	1.17097392528	0.0847221238276	0.0518650731249	0.224276195467	-0.088625729084	0.392900335789	-1.70253634453	10.4079120914
23	2	2	2	2	21.6151870074	2	3	7	10	-2.11049844441	0.41023934006	-0.0501416231425	-0.0860872001803	-0.234281611443	-0.00613337755203	1.081219244	0.405936524272	8.29950698259
23	2	2	2	3	14.5822743349	4	4	5	10	1.80314172108	1.17097392528	-0.0645502074058	0.00159160318828	-0.0988003432751	-0.0951352119446	1.85095267296	-0.211104393005	8.76635942397
23	2	2	2	4	21.815273184	1	2	5	10	2.11049844441	0.41023934006	0.00546752286442	0.0655239499207	0.818931746483	0.432469286025	1.79922442436	1.26667672396	8.99965998518
23	2	2	1	5	21.6985229574	3	4	8	10	1.80314172108	1.17097392528	0.0702610708064	0.0321070636245	0.20715611726	0.020700097084	1.80843036175	1.65174794197	7.25235263149
23	2	2	1	6	21.6149442671	2	4	8	10	1.80314172108	1.17097392528	-0.0693706669332	0.0491538025882	0.165533620119	0.0170350968838	1.08871589899	0.889041125774	7.54939557479
23	2	2	1	7	23.8817827105	1	3	9	10	-2.11049844441	0.41023934006	0.0153159242355	-0.0906463732418	0.388823311031	-0.0713947415352	-1.9047457695	1.03530263901	11.2507548006
23	2	2	1	8	18.1154002223	4	3	6	10	-2.11049844441	0.41023934006	-0.081194231779	0.0154744488657	0.0590062469244	0.0394528210163	-1.70847935677	1.34358787537	7.98303686079
23	2	2	2	9	23.965070429	4	2	8	10	2.11049844441	0.41023934006	0.0471250612797	-0.0268584538331	0.0685149759054	0.0673178732395	1.35806589127	-0.00603502988815	6.1663512803
23	2	2	2	10	19.1657205278	1	0	7	10	1.80314172108	1.17097392528	0.00950227189025	-0.0162883676601	-0.0330257236958	0.280116841197	1.41749494076	0.92956829071	8.98295198221
23	2	2	2	11	14.8156096356	2	1	6	10	-1.80314172108	1.17097392528	-0.000141346475609	-0.0651426769907	0.156923386455	-0.0713940858841	-1.11889238358	1.37720859051	9.1492029897
23	2	2	2	12	21.8322530617	3	1	9	10	-1.80314172108	1.17097392528	0.0242017457732	-0.00216113642739	-0.156693440676	-0.117425262928	-1.41279191971	-0.675889134407	6.36641421329
23	2	2	1	13	21.0152662261	4	2	8	10	2.11049844441	0.41023934006	-0.06528696745	-0.0457926597932	0.112000781298	0.0471497774124	2.1963290453	-0.0710771679878	8.26619652589
23	2	2	1	14	15.1861161327	3	0	9	10	1.80314172108	1.17097392528	-0.130660048985	-0.00980760381667	-0.10055090189	-0.0979009270668	1.4254645586	1.15435278416	8.10114999463
23	2	2	1	15	14.6990948976	1	1	6	10	-1.80314172108	1.17097392528	0.0673594925467	-0.0384378001107	0.0305923998356	-0.000342965126038	-1.78616805077	1.17560571432	11.0847697169
23	2	2	1	16	21.7196527615	2	1	9	10	-1.80314172108	1.17097392528	0.00402070828402	0.0689378394392	-0.0641127645969	-0.101272046566	-1.45412988663	0.000267118215561	7.23266376218
23	2	2	2	17	19.8152115802	2	2	8	10	2.11049844441	0.41023934006	-0.130795150032	0.0137031041082	0.129123690724	-0.000924110412598	0.742133516073	-1.07592642307	7.48251598176
23	2	2	2	18	21.1285676015	1	4	8	10	1.80314172108	1.17097392528	0.0124072896187	0.00477032609256	-0.742371153831	0.118950098753	0.900280463696	0.828458607197	8.26609881851
23	2	2	2	19	23.1150304969	3	3	5	10	-2.11049844441	0.41023934006	0.000742291364198	-0.0130967918169	-0.023600590229	-0.109355688095	-1.0754376173	1.43620234728	9.09923398333
23	2	2	2	20	22.8817135339	4	3	9	10	-2.11049844441	0.41023934006	0.00847409851086	-0.0571440555425	-0.0843284845352	-0.1134339571	-1.05593140125	1.81529450417	9.48272215611
23	2	2	1	21	17.4988505295	1	2	5	10	2.11049844441	0.41023934006	-0.022222985617	0.0214521789384	-0.117057663202	0.0846992135048	1.6680948019	0.23644053936	10.0160643159
23	2	2	1	22	14.6989348464	4	0	5	10	1.80314172108	1.17097392528	-0.0184712441331	-0.0118962350361	-0.20771677494	-0.166585505009	2.1800624609	0.485700327903	10.8183359301
23	2	2	1	23	22.3152076909	3	3	7	10	-2.11049844441	0.41023934006	0.0428531438306	0.0706591940047	-0.0249809443951	-0.0833501815796	-1.46488006115	0.542123101652	5.68317494764
23	2	2	1	24	16.5988913864	2	0	5	10	1.80314172108	1.17097392528	-0.0578134256165	-0.0123559640016	-0.122778218985	-0.141090452671	1.39245812893	1.21049767733	7.23272207985
23	2	2	2	25	19.6985094836	4	0	6	10	1.80314172108	1.17097392528	0.0313517846439	0.0376929715983	0.0656321525574	0.030485033989	1.36157386303	-0.101120829582	8.19956300012
23	2	2	2	26	25.1982023211	3	4	7	10	1.80314172108	1.17097392528	-0.001318917799	0.0785156423364	-0.113410663605	-0.106910169125	1.63401608467	0.524264488369	10.0660693511
23	2	2	2	27	13.3818067248	2	0	9	10	1.80314172108	1.17097392528	-0.0638842024149	0.00515261469176	0.0300735116005	-0.0678220391273	1.7338388443	0.836672633886	7.01595885793
23	2	2	2	28	15.4989228575	1	1	6	10	-1.80314172108	1.17097392528	0.0518498670374	0.0705867446295	-0.837282133102	0.200265049934	-1.91759295464	1.54940056801	9.44951969593
23	2	2	1	29	15.8488785544	3	2	5	10	2.11049844441	0.41023934006	-0.126335223373	-0.0191889331774	0.0309996187687	-0.0091170668602	1.8288888216	0.59967430681	10.766401769
23	2	2	1	30	13.4665506971	2	2	7	10	2.11049844441	0.41023934006	-0.0185177178803	-0.00314312132374	-0.0856559693813	-0.0565237402916	1.96463434696	0.568832322955	8.04924391158
23	2	2	1	31	22.7819950404	4	1	7	10	-1.80314172108	1.17097392528	-0.0418387417958	0.0529515441026	-0.0476934432983	-0.0798382163048	-1.46942181587	1.89783799648	7.93462625157
23	2	2	1	32	18.5488036062	1	0	7	10	1.80314172108	1.17097392528	0.100131939496	0.0145179047705	0.1002461344	0.165442556143	1.48437469006	1.05727505684	12.2183064912
23	2	2	2	33	22.8482589766	3	2	8	10	2.11049844441	0.41023934006	0.139556570311	0.00841700413377	0.179039004445	0.0661262571812	1.57555012703	-0.166465580463	8.04965672159
23	2	2	2	34	16.7153458106	2	4	5	10	1.80314172108	1.17097392528	-0.0984286592469	0.00657042633761	-0.0492614030838	0.00755593180656	1.83492355347	0.612182080746	9.56594093316
23	2	2	2	35	21.6151289266	1	3	9	10	-2.11049844441	0.41023934006	0.0991188834257	0.0155551814081	0.811915266514	0.492212965619	-1.67662353516	1.72021961212	14.7324186095
23	2	2	2	36	23.0484250379	4	1	7	10	-1.80314172108	1.17097392528	-0.0202989987157	-0.0188829800825	-0.18045361042	-0.0786445140839	-1.49115772247	-0.20109385252	8.18288185343
23	2	2	1	37	16.9487329855	3	1	6	10	-1.80314172108	1.17097392528	0.0245679130632	0.179917849005	0.0949351966381	0.0488363802433	-1.72036523819	1.1393956542	7.91853945791
23	2	2	1	38	17.9321547888	4	4	9	10	1.80314172108	1.17097392528	-0.0737120694732	-0.0180020754869	-0.0563871383667	-0.0709901452065	1.61562483311	0.206221848726	9.48292811564
23	2	2	1	39	18.4487146848	2	3	6	10	-2.11049844441	0.41023934006	-0.222482381637	-0.0278053785787	0.137225824594	-0.0472643375397	-1.42035717964	0.771202772856	9.18258844398
23	2	2	1	40	22.1984934594	1	4	8	10	1.80314172108	1.17097392528	0.0428048552754	-0.0529312148592	-0.746519041061	0.177019536495	1.65320150852	1.24172711372	11.2855064665
