4	2	1	1	22.36480961	2	0	6	8	1.803141721	1.170973925	-0.034824262	0.001443657	-0.204849318	-0.004252315	1.676045895	1.055845559	9.348941328
4	2	1	2	15.44858667	1	1	7	8	-1.803141721	1.170973925	-0.015564701	-0.05286176	-0.062632836	-0.374201059	-1.397580266	1.136870921	11.77364203
4	2	1	3	28.18051627	3	0	5	8	1.803141721	1.170973925	0.00717224	-0.006458084	0.234255254	-0.175936639	2.027117252	1.210158587	7.385804845
4	2	1	4	16.59798915	4	1	7	8	-1.803141721	1.170973925	0.043373565	0.047346672	0.431028903	-0.082644165	-1.08307457	1.89439404	7.816260779
4	2	2	5	17.46497637	4	1	4	8	-1.803141721	1.170973925	0.04126825	0.00053264	-0.351456165	-0.074740589	-1.229142308	1.376300097	9.832313213
4	2	2	6	20.5649428	1	0	5	8	1.803141721	1.170973925	-0.096319164	-0.025034581	-0.603742003	-0.308588564	0.731770039	1.072209775	9.332460907
4	2	2	7	21.14010698	3	0	5	8	1.803141721	1.170973925	0.034866492	-0.12601312	0.388898551	-0.231211424	2.507096291	1.881431699	8.488769198
4	2	2	8	33.74697318	2	3	5	8	-2.110498444	0.41023934	0.011414197	-0.004720854	0.267667115	-0.27635169	-1.636940122	1.980548382	13.18207737
4	2	1	9	21.59775942	1	2	4	8	2.110498444	0.41023934	-0.009822202	-0.055854322	0.469664335	0.188276827	1.725186348	0.698034778	10.365259
4	2	1	10	21.47973583	2	3	4	8	-2.110498444	0.41023934	-0.066565349	0.08423587	-0.360928476	-0.226606727	-2.094100237	1.400007248	12.93209929
4	2	1	11	20.28096625	3	3	4	8	-2.110498444	0.41023934	-0.194367716	0.012217068	-0.286889404	-0.12961036	-2.709964275	0.553956479	10.33235447
4	2	1	12	17.06355505	4	2	6	8	2.110498444	0.41023934	-0.041662634	-0.017455265	-0.173941046	-0.083968163	2.291240692	0.225860387	13.43389581
4	2	2	13	21.31450172	3	2	4	8	2.110498444	0.41023934	-0.001513726	0.196234042	-0.254640102	-0.149473011	2.642614603	1.376815557	18.58195637
4	2	2	14	22.58046681	2	1	4	8	-1.803141721	1.170973925	-0.05821923	0.024486989	-0.222815156	-0.11213845	-0.875892341	1.44087559	9.382245797
4	2	2	15	16.41783716	4	2	6	8	2.110498444	0.41023934	-0.00314805	-0.001184802	-0.088554107	-0.017684996	2.512889147	0.898354232	13.94869104
4	2	2	16	23.16407103	1	1	6	8	-1.803141721	1.170973925	0.017442635	-0.064332272	0.288241267	-0.303846776	-1.482459545	0.663354129	11.2655435
4	2	1	17	16.08155675	2	1	7	8	-1.803141721	1.170973925	0.046057343	0.056707667	0.134298474	0.061819881	-1.54387188	1.309250891	8.632459711
4	2	1	18	18.08224102	1	3	6	8	-2.110498444	0.41023934	0.088302588	-0.003423598	-0.355969936	-0.454442263	-2.529077291	0.367539689	10.49886375
4	2	1	19	21.56432871	3	2	7	8	2.110498444	0.41023934	-0.042150538	-0.050372047	0.189651489	-0.028246343	1.934203863	0.422322847	7.549272876
4	2	1	20	15.13158134	4	0	4	8	1.803141721	1.170973925	0.008338756	-0.000148076	-0.14238207	-0.087815583	2.241306543	0.216221482	11.24894919
4	2	2	21	20.06455928	1	3	4	8	-2.110498444	0.41023934	-0.002542619	-0.125544531	-0.088285141	-0.378567398	-1.951193213	0.934176356	10.71576945
4	2	2	22	20.56457345	4	0	5	8	1.803141721	1.170973925	0.180839026	-0.049961671	0.337798893	-0.154248893	1.937825561	0.289608225	9.182709352
4	2	2	23	17.99806528	2	0	6	8	1.803141721	1.170973925	0.301320262	0.000441834	-0.104041241	0.017924488	2.248762369	0.709949508	12.4802923
4	2	2	24	22.29776366	3	3	6	8	-2.110498444	0.41023934	-0.020522828	-0.052515083	-0.362326503	-0.076218069	-2.619730473	1.22797519	14.14870074
4	2	1	25	21.41445339	1	0	5	8	1.803141721	1.170973925	0.051654674	-0.042278648	-0.144925728	-0.638281703	1.806526184	1.51218462	13.76542969
4	2	1	26	22.46450158	3	1	6	8	-1.803141721	1.170973925	-0.031460901	0.103170966	-0.298929006	-0.092818677	-2.452344179	1.099327087	11.24901001
4	2	1	27	20.54759502	2	2	5	8	2.110498444	0.41023934	-0.102633378	0.014296131	0.369907886	-0.235920012	2.699509144	0.881001502	14.71514325
4	2	1	28	14.89826265	4	3	5	8	-2.110498444	0.41023934	-0.003202642	0.087467499	0.325978905	-0.265425563	-2.345210075	1.151335657	8.849150068
4	2	2	29	15.81476493	3	1	7	8	-1.803141721	1.170973925	-0.003137898	0.024032073	0.297908217	-0.008463323	-2.633305073	1.690722704	16.33187727
4	2	2	30	21.58113917	1	2	7	8	2.110498444	0.41023934	-0.159974144	0.007184567	-0.709246039	0.037565678	1.534464836	0.017971516	17.80026338
4	2	2	31	13.39828958	4	3	7	8	-2.110498444	0.41023934	-0.029906084	-0.021997555	0.144458443	-0.073873222	-2.355746746	1.300519943	12.51547147
4	2	2	32	21.34786101	2	2	7	8	2.110498444	0.41023934	-0.002487878	0.103969576	0.170949757	-0.047171593	2.392724514	0.045176208	13.06540672
4	2	1	1	18.09981101	1	0	4	8	1.803141721	1.170973925	-0.156409351	-0.036186448	0.904347241	0.078583986	1.200159073	1.374384284	16.7266022
4	2	1	2	16.1320016	4	1	5	8	-1.803141721	1.170973925	0.045727273	0.005110595	0.104584262	-0.075341761	-1.188211322	1.464949548	9.666220842
4	2	1	3	24.08134732	2	3	4	8	-2.110498444	0.41023934	-0.127543178	-0.030532144	-0.323038131	-0.144162476	-2.841691494	0.770050377	10.81561288
4	2	1	4	18.33183453	3	2	4	8	2.110498444	0.41023934	-0.005060671	-0.005312022	-0.114881836	-0.163360238	2.715438366	0.558140479	14.10093718
4	2	2	5	22.51460628	1	3	6	8	-2.110498444	0.41023934	-0.000878272	0.083626587	0.219164774	-0.25666064	-2.044773102	0.909963429	13.96608065
4	2	2	6	18.09842814	4	3	5	8	-2.110498444	0.41023934	-0.027374591	-0.043107014	0.186014652	-0.227647185	-2.685868502	0.155223131	19.2987217
4	2	2	7	18.63105628	3	0	5	8	1.803141721	1.170973925	-0.129870206	0.001970826	0.395078689	-0.237387657	1.979066491	1.090197086	12.88270561
4	2	2	8	24.17647894	2	1	7	8	-1.803141721	1.170973925	0.057916185	0.028672691	0.215261385	0.01882571	-2.253230095	0.742794916	15.78197855
4	2	1	1	19.208628544	2	0	5	8	1.80314172108	1.17097392528	0.0512073663861	0.0246052111236	0.384409427643	-0.215110123158	2.70633912086	0.197644323111	11.6020771775
4	2	1	2	15.4502347017	4	1	5	8	-1.80314172108	1.17097392528	0.102570371147	-0.120689677799	0.179685518146	-0.0853873491287	-1.75390386581	1.72464239597	8.08260387955
4	2	1	3	18.8645505582	3	2	7	8	2.11049844441	0.41023934006	-0.0532122430696	0.0370967222632	0.459620267153	-0.0697182416916	1.84628367424	0.437137521803	10.3158698056
4	2	1	4	15.2314478666	1	2	6	8	2.11049844441	0.41023934006	-0.10630021572	-0.0132906064911	-0.177031219006	-0.030593931675	1.66393268108	0.565001577139	9.46568394421
4	2	2	5	21.4643622345	1	3	4	8	-2.11049844441	0.41023934006	-0.0742767159516	0.0931043747911	-0.285777568817	-0.38990020752	-2.37185931206	1.14992046356	11.8656624074
4	2	2	6	15.531518879	2	2	6	8	2.11049844441	0.41023934006	0.0106039868312	-0.0542465634888	-0.285831183195	-0.013281583786	2.37267494202	0.480041529983	11.0474722492
4	2	2	7	13.8819049434	3	3	5	8	-2.11049844441	0.41023934006	0.0188118615219	-0.0942928814777	0.32953068614	-0.196576833725	-2.0539047718	1.04412513971	10.5322207586
4	2	2	8	21.4315185219	4	2	7	8	2.11049844441	0.41023934006	-0.0183771191183	-0.0308270555297	0.39176478982	-0.0369337201118	2.65971922874	0.104294419289	9.1825801436
4	2	1	1	13.7649675238	1	0	6	8	1.80314172108	1.17097392528	-0.00302570247189	0.0495142845946	0.0259255096316	-0.539060592651	1.79247975349	0.997992515564	15.3651864855
4	2	1	2	14.2319567122	4	2	4	8	2.11049844441	0.41023934006	-0.0519809505685	-0.000550093058837	-0.255285739899	-0.133621692657	2.24048566818	-0.735325932503	11.9156953385
4	2	1	3	13.1485004624	3	3	5	8	-2.11049844441	0.41023934006	0.103938507032	-0.123453907457	0.278574883938	-0.223607480526	-2.71644639969	0.884243249893	9.365832792
4	2	1	4	18.0648224315	2	1	4	8	-1.80314172108	1.17097392528	0.0458623741243	-0.111662129743	-0.250070989132	-0.142240166664	-1.71607339382	1.50398361683	9.81585970076
4	2	2	5	17.0982611255	4	2	4	8	2.11049844441	0.41023934006	-0.0596749200998	-0.00117625469811	-0.327015012503	-0.185242056847	2.61853170395	0.678516879678	13.6655250141
4	2	2	6	19.0155738581	3	0	6	8	1.80314172108	1.17097392528	0.110151781891	-0.0029033153831	-0.17358969152	0.105910360813	2.51145601273	2.38513469696	13.9322078794
4	2	2	7	15.314843457	1	1	5	8	-1.80314172108	1.17097392528	-0.0116752076088	0.0902275062906	0.0574133768678	-0.167762160301	-1.846960783	1.64470148087	22.9815565505
4	2	2	8	18.4808871772	2	3	6	8	-2.11049844441	0.41023934006	-0.0810555350416	0.083599612805	-0.396466970444	-0.102949559689	2.23241877556	-0.731209754944	33.7808297169
4	2	1	9	17.5813154092	3	0	7	8	1.80314172108	1.17097392528	0.0646675694757	-0.162807061941	0.211953088641	-0.0835064053535	2.12306213379	0.987088561058	7.74936256908
4	2	1	10	22.6643800233	2	3	6	8	-2.11049844441	0.41023934006	0.149206036328	0.00133425229733	-0.0391854308546	0.00154769420624	-1.54215216637	1.41684222221	7.34931683395
4	2	1	11	17.5814840194	4	3	7	8	-2.11049844441	0.41023934006	0.035673685887	0.0834611500103	0.184691980481	-0.023457467556	-2.26808142662	1.58477163315	8.91620742829
4	2	1	12	20.5645184617	1	3	4	8	-2.11049844441	0.41023934006	0.12057286472	0.032417765907	0.25801089406	-0.447952032089	-2.06139111519	-0.0357736349106	16.1820146198
4	2	2	13	18.0701276681	2	1	7	8	-1.80314172108	1.17097392528	-0.00259598524894	0.0248678847506	0.265386909246	-0.0140646100044	-1.90040850639	1.84373676777	14.0318452389
4	2	2	14	15.4150667531	3	1	7	8	-1.80314172108	1.17097392528	-0.210266370578	-0.0439827963321	0.187839478254	-0.0480989217758	-2.08663988113	1.45187920332	16.3319338484
4	2	2	15	17.0150331642	4	1	5	8	-1.80314172108	1.17097392528	0.044026699427	0.116370593597	0.227129757404	-0.0526406168938	-1.85061573982	1.56711483002	12.4822771437
4	2	2	16	22.5978387805	1	0	7	8	1.80314172108	1.17097392528	-0.107654371783	-0.00979548107862	0.0836810171604	0.00080394744873	2.63981199265	2.53205299377	16.9320019247
4	2	1	17	20.8811080974	2	0	7	8	1.80314172108	1.17097392528	-0.0828895841269	0.125097085631	0.149995878339	-0.0622349977493	1.15581572056	2.45414400101	9.09902878087
4	2	1	18	18.1646500733	3	2	4	8	2.11049844441	0.41023934006	-0.0204664196108	-0.0306465876279	-0.13600461185	-0.0481604337692	1.75877964497	0.97713264823	13.9822883087
4	2	1	19	17.9149609789	4	0	6	8	1.80314172108	1.17097392528	0.023752561931	-0.0737427294269	-0.282136917114	-0.000410377979279	1.96880507469	0.159010767937	15.3322763054
4	2	1	20	14.3618763543	1	1	5	8	-1.80314172108	1.17097392528	0.100001277441	-0.0217547825124	0.0910663232207	-0.107699692249	-1.44210112095	1.1446133256	19.9150954663
4	2	2	21	14.9815325326	1	2	6	8	2.11049844441	0.41023934006	0.0327876118302	0.0342136698515	0.866806924343	0.183369129896	2.69864583015	1.80804026127	17.6651935416
4	2	2	22	18.1814384534	2	2	4	8	2.11049844441	0.41023934006	-0.0469351932421	0.0174502473078	-0.167407616973	-0.0615169405937	1.84802019596	0.13195335865	13.7655689598
4	2	2	23	14.7984622871	4	3	7	8	-2.11049844441	0.41023934006	-0.0447429844221	0.0459157856725	0.0482537746429	-0.0214982628822	-2.31068444252	1.27735430002	11.0989847825
4	2	2	24	20.2312116499	3	2	5	8	2.11049844441	0.41023934006	-0.0585221590665	-0.198610930514	0.0397186018527	-0.140693187714	2.52934360504	0.731365680695	10.6157713093
4	2	1	25	18.5644735987	3	1	6	8	-1.80314172108	1.17097392528	-0.130053447604	-0.0042311428105	-0.226311638951	-0.0459166765213	-2.009745121	0.991290301085	7.79933391226
4	2	1	26	22.2811119469	2	2	5	8	2.11049844441	0.41023934006	-0.0182884049155	-0.0362631571149	0.0505348071456	-0.0424757003784	1.84975516796	1.41074854136	7.48262787489
4	2	1	27	18.6312507349	4	1	5	8	-1.80314172108	1.17097392528	-0.0477985562083	0.0286552366318	0.209786817431	-0.106848955154	-1.73133146763	1.62189483643	13.7482216759
4	2	1	28	18.8484654562	1	2	7	8	2.11049844441	0.41023934006	-0.00252901074021	-0.00639375906697	-0.170849457383	-0.380993425846	2.59739232063	0.723980292678	18.8816925228
4	2	2	29	24.2808769144	3	3	4	8	-2.11049844441	0.41023934006	0.0924570082634	0.0375145212811	-0.215826362371	-0.102480709553	-2.34776067734	1.59232771397	15.1155455359
4	2	2	30	21.6977800534	1	3	4	8	-2.11049844441	0.41023934006	-0.0091011311401	0.0121685894453	-0.0780473425984	-0.17628133297	-2.6146736145	1.1100807786	19.5149377655
4	2	2	31	20.4479775272	2	0	5	8	1.80314172108	1.17097392528	-0.0266742698087	-0.168654208126	0.188496440649	-0.101803541183	2.3934674263	1.36512440443	9.6486444081
4	2	2	32	20.3145491185	4	0	6	8	1.80314172108	1.17097392528	-0.144484459267	0.00235405531117	-0.191102772951	0.0109407901764	2.39187765121	0.841074496508	22.8982474945
4	2	1	1	18.497588914	4	0	5	8	1.80314172108	1.17097392528	-0.136205800855	0.0034722417634	0.173730999231	-0.0761944055557	2.08695721626	0.722000643611	9.16560801474
4	2	1	2	21.5979731965	2	3	4	8	-2.11049844441	0.41023934006	0.00411318262119	0.0506485847828	-0.158408999443	-0.0746244192123	-2.34403562546	0.640203028917	8.39918669599
4	2	1	3	18.2479312657	1	1	4	8	-1.80314172108	1.17097392528	-0.0615268141559	0.03203765753	0.0778391510248	-0.268631219864	-2.10954236984	0.923779577017	11.2991724296
4	2	1	4	18.6479932333	3	2	4	8	2.11049844441	0.41023934006	-0.01979141536	0.0301493919085	-0.105959609151	-0.0648141503334	1.9823807478	0.885886758566	11.2491900944
4	2	2	5	21.3312112214	2	2	5	8	2.11049844441	0.41023934006	-0.0533498317951	0.0473600770881	0.0889587625861	-0.0119809508324	2.30759263039	1.30798196793	7.88263627683
4	2	2	6	20.0976841998	4	3	6	8	-2.11049844441	0.41023934006	0.00927456568582	0.0179829883785	-0.182857587934	-0.0356276631355	-2.49802780151	1.95762681961	17.0486361189
4	2	2	7	13.6316114507	3	3	7	8	-2.11049844441	0.41023934006	0.116468270851	0.0127537529232	0.0383540205657	0.0168749690056	-2.84464025497	1.05652546883	10.8827873012
4	2	2	8	15.1485339987	1	3	7	8	-2.11049844441	0.41023934006	-0.00629468102895	0.0481039448953	-0.853854715824	0.173056006432	-2.86539363861	1.58074581623	12.5488181083
