17	1	1	2	1	55.1641783276	3	0	8	10	1.80314172108	1.17097392528	-0.00656818283119	0.0155995200256	0.0895270258188	0.0037148296833	1.96099841595	-0.372854411602	49.9638412008
17	1	1	2	2	34.5813151978	2	4	6	10	-1.80314172108	1.17097392528	-0.0519136711749	-0.0296491148966	0.0677609220147	-0.123918414116	-0.585196375847	2.61555719376	19.2649776467
17	1	1	2	3	44.8639682409	1	2	9	10	2.11049844441	0.41023934006	0.0297055157572	0.0460271970237	-0.306880414486	-0.0946851968765	1.69283664227	-1.07753002644	27.9483559996
17	1	1	2	4	45.5643197202	4	0	8	10	1.80314172108	1.17097392528	-0.00266106272156	0.195056024634	0.243031054735	-0.0284247994423	2.64888572693	0.51601802744	18.6324824919
17	1	1	1	5	35.5974761252	3	0	9	10	1.80314172108	1.17097392528	0.0173966751877	0.000161066273352	0.0668353140354	-0.124579906464	2.080037117	0.760491222143	32.6166409624
17	1	1	1	6	24.4816871797	1	4	6	10	-1.80314172108	1.17097392528	0.00923997334812	0.0530322796341	0.102686062455	-0.22467392683	-1.63974964619	1.55295991898	15.53541386
17	1	1	1	7	31.7313695164	4	3	7	10	-2.11049844441	0.41023934006	-0.0145738956517	-0.038463093481	-0.160766899586	-0.0577434897423	-1.59228992462	0.842534333467	14.4001874568
17	1	1	1	8	24.1476307178	2	2	5	10	2.11049844441	0.41023934006	0.0198894511924	0.142494253913	-0.0865411832929	-0.0696742534637	1.62302315235	-1.74912810326	14.1659778889
17	1	1	2	9	28.2650016885	4	1	6	10	-1.80314172108	1.17097392528	-0.0487944526936	-0.0894090117451	-0.0199779011309	-0.120109200478	-1.73412644863	0.534140013158	19.1822679504
17	1	1	2	10	20.4489052684	2	0	5	10	1.80314172108	1.17097392528	0.0146916690966	0.0560773376113	-0.111573949456	-0.124196410179	2.20349025726	-1.26589071751	10.8492602793
17	1	1	2	11	46.5138724325	1	1	6	10	-1.80314172108	1.17097392528	-0.0438139552475	0.085051472669	0.439277648926	-0.33596765995	-2.29323124886	1.06861519814	26.148538217
17	1	1	2	12	41.2638988266	3	1	5	10	-1.80314172108	1.17097392528	-0.000472540979541	0.0175282449806	-0.421429514885	-0.122605323792	-1.77744233608	1.42493510246	17.0990118353
17	1	1	1	13	29.9485406047	4	4	6	10	-1.80314172108	1.17097392528	0.00694279376454	0.00334169565438	0.0966055616736	-0.131388664246	-1.31869125366	1.05004751682	15.9665979694
17	1	1	1	14	31.6479277721	2	3	6	10	-2.11049844441	0.41023934006	-0.00948861387656	0.087592149374	0.122750483453	-0.122922718525	-2.5994925499	2.53941559792	21.2650409393
17	1	1	1	15	65.8878790011	3	2	5	10	2.11049844441	0.41023934006	-0.0658394932672	0.0312142624833	-0.0588429234922	-0.159101545811	1.88175177574	0.393120825291	25.5907632325
17	1	1	1	16	67.2628530039	1	2	7	10	2.11049844441	0.41023934006	0.134793040605	0.104890682978	0.512546777725	0.0533533394337	2.72165489197	-0.952639937401	35.7497506979
17	1	1	2	17	28.898174404	1	4	7	10	-1.80314172108	1.17097392528	0.00257678854237	-0.0168126639253	0.118899181485	-0.0595525503159	-1.73427546024	0.846608757973	24.9989590677
17	1	1	2	18	32.2815521597	3	2	9	10	2.11049844441	0.41023934006	-0.00629095167152	-0.0323214310226	0.11215364933	-0.0213230252266	1.43707120419	-0.179637849331	20.2004994238
17	1	1	2	19	26.9475378481	2	3	7	10	-2.11049844441	0.41023934006	-0.00963934807201	0.0149766467769	-0.058634635061	0.00726744532585	-2.93311810493	0.731664508581	16.1486885084
17	1	1	2	20	31.5813401767	4	4	5	10	-1.80314172108	1.17097392528	-0.0050942982388	-0.000559395143	-0.0301301833242	-0.0758510828018	-1.64231681824	1.55510497093	14.2826431847
17	1	1	1	21	28.8148419688	3	3	7	10	-2.11049844441	0.41023934006	-0.0541152022203	0.0209095471694	-0.152668431401	-0.0127044320107	-1.87418437004	0.294738888741	19.9168246803
17	1	1	1	22	25.1348861432	2	1	8	10	-1.80314172108	1.17097392528	0.0623487197847	0.0336899491966	0.0188565142453	0.00753781199455	-1.85892486572	1.39548581839	13.5990266357
17	1	1	1	23	21.6653369007	1	3	8	10	-2.11049844441	0.41023934006	-0.0290251241306	0.115214287136	-0.376040518284	-0.4043597579	-2.12811398506	0.85990563035	17.8524308558
17	1	1	1	24	23.3486437367	4	1	9	10	-1.80314172108	1.17097392528	0.116178787704	0.0113679341061	0.114001333714	-0.0137127041817	-1.5453619957	1.26478219032	24.2714418216
17	1	1	2	25	32.414574817	4	2	7	10	2.11049844441	0.41023934006	0.0096407130336	0.131316093187	-0.15805631876	-0.0172835588455	2.30812335014	-0.230980455875	15.5992574802
17	1	1	2	26	29.3643836293	3	3	6	10	-2.11049844441	0.41023934006	-0.166642136803	-0.00468079458322	0.0845431238413	-0.0679697990417	-2.19670009613	0.781393885612	20.9152455541
17	1	1	2	27	25.3816790951	2	1	8	10	-1.80314172108	1.17097392528	-0.00855932815505	0.0923275915535	0.0542019531131	-0.00544965267181	-3.48806405067	1.43612217903	19.4807228608
17	1	1	2	28	19.4163862238	1	3	8	10	-2.11049844441	0.41023934006	1.58933097082e-005	-0.0783723587822	0.18249155581	0.214148461819	-1.8127604723	0.984398514032	29.031863472
17	1	1	1	29	26.9315567321	1	0	5	10	1.80314172108	1.17097392528	-0.0217356831426	-0.0359610333583	0.59255951643	0.188674509525	1.81295263767	1.18289351463	13.1673966247
17	1	1	1	30	23.1485142724	3	4	8	10	-1.80314172108	1.17097392528	-0.00066871289364	0.0125861574043	0.111485436559	-0.0146269202232	-2.06309127808	1.29849237204	22.7191556741
17	1	1	1	31	27.8150013136	2	0	7	10	1.80314172108	1.17097392528	-0.0928648201017	0.000267830619553	0.0694178268313	0.0460167527199	2.57356309891	-0.653404831886	13.9486517924
17	1	1	1	32	29.2165153331	4	0	8	10	1.80314172108	1.17097392528	-0.0738044755417	-0.0482854239297	0.16677378118	-0.0271183252335	1.97347092628	0.326189160347	16.8570867791
17	1	1	2	33	24.7145963051	4	3	9	10	-2.11049844441	0.41023934006	0.12915197786	0.00143195842383	-0.18225543201	0.0471652448177	-1.79061758518	1.20112198591	14.5605197868
17	1	1	2	34	30.7308131473	3	4	7	10	-1.80314172108	1.17097392528	-0.123884123178	0.0738290000395	-0.184569746256	-0.0213813185692	-2.25446820259	0.70050188899	20.8989629086
17	1	1	2	35	26.4650520598	1	0	5	10	1.80314172108	1.17097392528	-0.117115217408	0.0789636990444	0.423628538847	0.318498656154	2.26322293282	1.3128619194	17.4657184506
17	1	1	2	36	27.4484694267	2	2	9	10	2.11049844441	0.41023934006	-0.0223148559604	-0.00711598483402	0.103253990412	-0.0360260605812	2.08303689957	-1.63509750366	17.2988070906
17	1	1	1	37	26.1653649644	1	1	9	10	-1.80314172108	1.17097392528	-0.0639951610353	-0.0580853603398	0.0305212065578	-0.415283203125	-2.08432412148	1.412127316	10.5188420053
17	1	1	1	38	24.2978541876	4	2	5	10	2.11049844441	0.41023934006	-0.0473820812339	-0.0122854617796	-0.074908465147	-0.0569708943367	1.95173358917	0.240343928337	15.7672417024
17	1	1	1	39	18.1324235364	2	4	9	10	-1.80314172108	1.17097392528	5.29827915402e-005	-0.000564354779713	0.11690723151	-0.0691752433777	-2.24754714966	0.981712043285	10.1542662539
17	1	1	1	40	18.7194696899	3	1	6	10	-1.80314172108	1.17097392528	0.0374300176238	0.00314574896139	0.0745979845524	-0.0254272818565	-2.07841205597	1.22040820122	12.740920855
17	1	2	2	1	28.7149021487	4	2	6	10	2.11049844441	0.41023934006	-0.143411419472	-0.0264877273507	0.0183322969824	0.001111805439	1.30236363411	-0.548605799675	15.7276653441
17	1	2	2	2	28.5982553261	2	2	8	10	2.11049844441	0.41023934006	-0.0479313245146	-0.0161988244939	0.221794337034	-0.00371199846268	1.20577824116	-0.623205661774	13.4324204291
17	1	2	2	3	24.7652099047	1	0	7	10	1.80314172108	1.17097392528	0.00728796359891	-0.125088564607	-0.000329827773385	0.459404818714	1.54842209816	1.28949129581	14.1328468049
17	1	2	2	4	18.7989519803	3	3	6	10	-2.11049844441	0.41023934006	0.104406100348	0.0991291801628	0.264515995979	-0.0688072443008	-2.2084774971	1.01309853792	13.2327550914
17	1	2	1	5	26.3486724932	2	4	6	10	1.80314172108	1.17097392528	-0.007092217085	-0.0338717129977	0.128957927227	-0.080751478672	1.6249434948	-0.521326184273	12.1657138761
17	1	2	1	6	25.1816678532	3	1	5	10	-1.80314172108	1.17097392528	0.0458208742196	0.0330580824273	-0.0180540680885	-0.0278877019882	-1.90877246857	1.16073268652	12.3696124196
17	1	2	1	7	27.8815295722	1	2	7	10	2.11049844441	0.41023934006	0.157286333217	0.000346861288784	0.928601682186	0.217609465122	1.68472111225	1.09670335054	16.7840139067
17	1	2	1	8	32.9644307435	4	0	8	10	1.80314172108	1.17097392528	0.0903276453491	-0.0297623032833	0.0467572025955	-0.0563254356384	2.2884786129	0.596672765911	14.3505012685
17	1	2	2	9	20.5160089063	1	4	5	10	1.80314172108	1.17097392528	0.0408001572604	0.000312490757119	0.334966421127	0.235836356878	1.77572596073	0.684813097119	13.7657504068
17	1	2	2	10	19.8822264214	3	4	5	10	1.80314172108	1.17097392528	-0.0693591067802	0.0544107014542	0.00462128268555	-0.0804616212845	1.9308809042	1.2144985199	13.6661734604
17	1	2	2	11	21.832007974	4	3	8	10	-2.11049844441	0.41023934006	-0.108025150238	0.0198172004146	0.13766361773	0.0252566635609	-1.98412394524	1.37742942572	12.8329038173
17	1	2	2	12	24.7651583158	2	0	5	10	1.80314172108	1.17097392528	-0.00991645071837	0.0576544696668	-0.0218608882278	-0.0781389474869	1.86415362358	1.06129902601	14.5322513654
17	1	2	1	13	38.4977445155	2	0	7	10	1.80314172108	1.17097392528	0.0799694191504	0.0968963222448	-0.0573795624077	0.021361887455	1.76480698586	1.10950702429	13.2156161795
17	1	2	1	14	33.8311211659	4	4	6	10	1.80314172108	1.17097392528	0.00867039961902	0.0773858298968	0.192491531372	0.123809248209	2.41022872925	0.181640356779	17.5002167536
17	1	2	1	15	23.6484241793	3	0	7	10	1.80314172108	1.17097392528	0.0132136715603	-0.0189381525983	0.103923402727	0.0507242977619	1.643050313	1.22844946384	12.750686213
17	1	2	1	16	25.7983691539	1	3	5	10	-2.11049844441	0.41023934006	0.00174430279423	0.165371037974	-0.182540938258	-0.053617477417	-2.10426545143	0.60102982074	16.0854840101
17	1	2	2	17	27.114906865	1	3	9	10	-2.11049844441	0.41023934006	0.0803134041812	-0.0148666936693	0.939460992813	-0.254057466984	-1.85855185986	0.733946502209	20.3822633775
17	1	2	2	18	28.8313824983	4	4	7	10	1.80314172108	1.17097392528	-0.00660193155569	0.0182674707105	0.17170329392	0.000260442495346	2.09629607201	0.555477764457	12.7494194914
17	1	2	2	19	27.0119553589	2	1	7	10	-1.80314172108	1.17097392528	-0.0156594622354	-0.0431944534037	0.200909405947	0.00832331180573	-1.83143484592	-0.23131942749	13.4988458897
17	1	2	2	20	31.6980901619	3	0	8	10	1.80314172108	1.17097392528	0.00454268786898	0.222229071003	0.0234614331275	-0.0168846845627	1.65644109249	0.755760282278	15.5827195634
17	1	2	1	21	21.7152741274	3	2	9	10	2.11049844441	0.41023934006	0.0447432969204	-0.0231920305963	0.172134235501	0.0757909119129	1.869997859	1.16019004583	18.5336353492
17	1	2	1	22	27.3315925238	4	3	5	10	-2.11049844441	0.41023934006	0.0302966470058	0.0182835439446	0.021700328216	-0.00350421667099	-1.89784836769	1.17928820848	14.4188594103
17	1	2	1	23	32.8604811025	1	1	9	10	-1.80314172108	1.17097392528	-0.106595863156	0.2177794433	-0.139320582151	0.0887823402882	-1.97621488571	1.45145493746	14.0679795918
17	1	2	1	24	20.5654003319	2	1	8	10	-1.80314172108	1.17097392528	-0.0842207926261	-0.0373103847964	0.0294719487429	0.0488297343254	-2.30395269394	1.02804780006	14.7158864945
17	1	2	2	25	26.1985021159	2	3	9	10	-2.11049844441	0.41023934006	-0.0516560288424	0.0921709065381	-0.12645368278	0.000178664922714	-2.3336751461	0.629035070539	11.2154889976
17	1	2	2	26	27.4816797906	3	1	9	10	-1.80314172108	1.17097392528	0.00521127386746	-0.101540774181	-0.00907303579152	-0.0929676890373	-1.98841166496	1.28133916855	11.5996297838
17	1	2	2	27	24.081904103	4	1	5	10	-1.80314172108	1.17097392528	0.0527276819498	0.0267525768075	0.0739147290587	0.00295010209084	-1.64731299877	1.66274523735	14.651762566
17	1	2	2	28	23.481856607	1	1	8	10	-1.80314172108	1.17097392528	-0.00129634188322	0.037416624172	-0.856199264526	0.0466699302197	-1.92575311661	1.58524858952	13.2991934803
17	1	2	1	29	28.8981535737	3	4	8	10	1.80314172108	1.17097392528	0.000601152890868	-0.16042804678	0.152914181352	-0.00610905885696	1.76420164108	1.04144090414	14.9172384147
17	1	2	1	30	29.0315713783	4	2	9	10	2.11049844441	0.41023934006	0.0259135072798	0.00134633364731	-0.0206240154803	0.109437793493	2.23523950577	0.906570672989	14.9679609473
17	1	2	1	31	29.4980439011	1	0	6	10	1.80314172108	1.17097392528	-0.0225034620722	0.0230595962407	0.184353768826	0.30741378665	1.79585564137	0.881849497557	23.166443682
17	1	2	1	32	28.2646449274	2	3	9	10	-2.11049844441	0.41023934006	0.0877493626371	-0.0342464429727	0.0429041311145	-0.111703872681	-2.8130402565	0.769864052534	16.4153465997
17	1	2	2	33	30.8981407932	2	4	6	10	1.80314172108	1.17097392528	0.0421078883987	-0.0477177665629	-0.0350935533643	-0.0361175537109	2.24770259857	-0.250518858433	17.0491214908
17	1	2	2	34	29.7812952799	3	2	7	10	2.11049844441	0.41023934006	0.108966401304	0.0442046834662	-0.00495218019933	-0.0294218659401	1.96811139584	0.582555726171	19.1991022427
17	1	2	2	35	23.4985203212	4	0	9	10	1.80314172108	1.17097392528	-0.0214317062068	-0.0597257702082	0.0306960679591	0.19617921114	2.5328810215	0.792658120394	17.6991595731
17	1	2	2	36	28.8146905405	1	2	6	10	2.11049844441	0.41023934006	0.00824302731219	0.0246943755517	-0.433913677931	-0.432798087597	1.55400180817	0.672358930111	36.4812170334
17	1	2	1	37	27.9482363862	1	4	8	10	1.80314172108	1.17097392528	0.0599841452081	0.0230586720845	0.0149768274277	0.0996140539646	1.9705452919	1.24771946669	22.6499955576
17	1	2	1	38	26.6316603002	2	2	5	10	2.11049844441	0.41023934006	0.023250952958	0.12000305882	0.034684304148	-0.00825172662735	2.31299352646	1.25198960304	16.4299496888
17	1	2	1	39	33.4146081362	4	1	7	10	-1.80314172108	1.17097392528	0.00874484464244	0.0864799418405	0.182560220361	0.0197135806084	-1.41192352772	1.45934325457	13.7681629097
17	1	2	1	40	22.1989588271	3	3	6	10	-2.11049844441	0.41023934006	0.105320968978	-0.0488313643518	0.0678309947252	0.107440948486	-2.17840003967	0.935782045126	13.2848381816
