2	8	1	1	22.99789033	2	1	7	8	0.78	0.415518268	-1.803141721	1.170973925	-0.066272199	-0.015130187	-0.020702881	-0.020371258	-1.85058279	1.939718962	11.68114196	1
2	8	1	2	23.93116642	1	0	6	8	2.02	2.424	1.803141721	1.170973925	0.011145941	-0.026026305	0.78573482	0.124116391	-0.060274374	0.370120585	16.83436397	1
2	8	1	3	19.66451999	2	0	6	8	0.32	0.152184283	1.803141721	1.170973925	0.006513835	-0.02567741	-0.095131469	-0.088250399	1.790666986	0.820265561	8.582686049	1
2	8	1	4	29.78070906	1	2	7	8	0.48	0.876976558	2.110498444	0.91023934	0.030765024	-0.055634907	0.478202167	-0.50671792	1.943649936	0.413420849	15.49879962	1
2	8	1	5	22.81467043	4	2	6	8	0.37	-99	2.110498444	0.91023934	-0.064511587	0.005475565	0.00325315	-0.031757474	2.1517102	0.553459305	12.5819188	1
2	8	1	6	18.39821943	3	2	6	8	0.73	-99	2.110498444	0.91023934	-0.009488228	-0.044710542	-0.046943557	-0.051625729	2.142998505	0.129743725	12.11602166	1
2	8	1	7	24.98101224	3	3	6	8	0.15	-99	-2.110498444	0.41023934	0.304678896	0.029336733	-0.143917334	-0.116868556	-1.672607136	0.518968701	8.534150108	1
2	8	1	8	21.91473767	4	1	6	8	0.21	-99	-1.803141721	1.170973925	0.046128703	0.062756497	-0.141197455	-0.073149025	-1.591059875	1.369873226	8.13296609	1
2	8	1	9	30.86382507	2	2	4	8	0.71	0.371194569	2.110498444	0.91023934	0.001557592	-0.012065835	-0.247097266	-0.067143679	2.293442655	0.201562792	16.99863676	2
2	8	1	10	20.16443823	1	3	5	8	0.51	0.920211888	-2.110498444	0.41023934	-0.011506324	0.078314562	-0.726013017	0.060787082	-1.763914537	0.856448501	11.38244849	2
2	8	1	11	20.1980778	2	2	4	8	0.46	0.22593436	2.110498444	0.91023934	-0.083038352	-0.001667043	-0.041227621	-0.028190613	1.699380565	0.585249141	9.450562998	2
2	8	1	12	25.98089964	1	3	6	8	0.89	1.377800351	-2.110498444	0.41023934	0.001268934	-0.049291342	0.377522077	0.006414324	-1.271981072	0.053200752	16.71700422	2
2	8	1	13	24.23209065	3	0	5	8	0.57	-99	1.803141721	1.170973925	-0.016793266	0.03855766	0.129773292	0.040718526	1.210198152	1.177919805	9.264923752	2
2	8	1	14	17.33160252	4	0	4	8	0.3	-99	1.803141721	1.170973925	0.003566625	-0.140225696	-0.077803117	-0.057825148	1.762991238	0.733613491	11.53242856	2
2	8	1	15	24.56424937	3	1	5	8	0.38	-99	-1.803141721	1.170973925	-0.000310147	0.140161141	0.089974988	-0.094980359	-1.892702532	0.931499064	16.36590237	2
2	8	1	16	24.96325219	4	3	5	8	0.78	-99	-2.110498444	0.41023934	-0.115791153	0.009001562	-0.001314443	0.063971698	-2.028855991	-0.344810665	13.79902238	2
2	8	1	17	16.98171158	2	0	4	8	0.53	0.26473021	1.803141721	1.170973925	-0.010022159	0.001075809	0.019402224	-0.046775758	1.285454917	1.333920717	11.29886793	3
2	8	1	18	16.66508391	1	0	4	8	0.57	1.003258021	1.803141721	1.170973925	-0.001357327	0.118555371	0.110765654	-0.282770813	1.515612412	0.788323462	13.26563492	3
2	8	1	19	18.78123045	2	3	5	8	1.21	0.735165015	-2.110498444	0.41023934	-0.106573981	-0.021041158	0.071082535	0.040992409	-1.881026697	-0.776482224	10.1312551	3
2	8	1	20	19.63096637	1	1	7	8	0.51	0.920211888	-1.803141721	1.170973925	0.157611208	-0.077648406	-0.057632786	-0.303883493	-1.25277288	0.76105383	11.19861906	3
2	8	1	21	22.06469813	3	1	4	8	0.8	-99	-1.803141721	1.170973925	0.063057065	-0.021703282	-0.054249924	0.009433687	-0.983566833	0.867554992	10.0658805	3
2	8	1	22	19.59964094	4	1	4	8	0.94	-99	-1.803141721	1.170973925	0.025699796	0.131529831	-0.033063364	-0.01606679	-1.011513782	0.747779444	8.832648776	3
2	8	1	23	23.41453879	3	0	4	8	0.18	-99	1.803141721	1.170973925	-0.030568278	0.079746653	0.030204999	-0.028045833	1.943266559	1.190915585	11.1158014	3
2	8	1	24	22.16429085	4	3	4	8	0.57	-99	-2.110498444	0.41023934	-0.025703275	-0.035209924	-0.097711962	-0.041727662	-1.928796482	0.908073038	9.832845258	3
2	8	1	25	21.48141663	2	1	6	8	0.85	0.461683827	-1.803141721	1.170973925	0.034277947	0.003238376	-0.034134579	-0.020508468	-1.019964647	0.757699251	8.116519247	4
2	8	1	26	18.39798965	1	0	4	8	0.09	0.194515771	1.803141721	1.170973925	-0.084581601	0.056629684	-0.217254055	0.268209577	1.661049533	1.15099436	12.23241989	4
2	8	1	27	18.31491721	1	1	5	8	0.58	1.016668262	-1.803141721	1.170973925	0.125924759	-0.064275817	-0.702753496	-0.325759649	-2.23992033	0.954323053	11.91567142	4
2	8	1	28	15.76478518	2	1	5	8	0.65	0.334561214	-1.803141721	1.170973925	-0.044432905	-0.063318282	0.099307689	-0.020155549	-1.666198444	1.7419976	9.582514171	4
2	8	1	29	18.79818735	4	1	5	8	0.09	-99	-1.803141721	1.170973925	-0.012870471	-0.067285275	0.103593114	-0.024384975	-1.752532196	1.033162594	11.83239063	4
2	8	1	30	25.46438975	4	0	7	8	0.37	-99	1.803141721	1.170973925	0.065910902	-0.106247632	0.043046075	0.027635217	1.692396688	0.738107011	8.232768302	4
2	8	1	31	28.11388933	3	0	7	8	0.14	-99	1.803141721	1.170973925	-0.000790142	-0.163639669	0.087369519	0.047395289	1.658094811	0.981183022	8.449065456	4
2	8	1	32	22.98111716	3	1	4	8	0.28	-99	-1.803141721	1.170973925	-0.064643443	0.00723674	-0.033619475	-0.044567227	-1.586540413	1.19778651	8.315524438	4
2	8	1	33	20.73130631	2	3	6	8	0.59	0.299097211	-2.110498444	0.41023934	-0.011109021	0.042764777	-0.051176828	-0.058705807	-1.528390002	0.433557279	6.816132137	5
2	8	1	34	25.19773045	2	0	7	8	0.8	0.428513868	1.803141721	1.170973925	0.005036559	-0.011284834	0.031940478	0.023260295	1.007091451	1.129343748	6.616599612	5
2	8	1	35	24.53071767	1	1	6	8	0.34	0.659033451	-1.803141721	1.170973925	0.085415858	0.124478973	0.547362107	-0.601589441	-1.515997005	1.021576464	15.01311816	5
2	8	1	36	18.26507466	1	2	4	8	2.51	3.012	2.110498444	0.91023934	0.064648119	-0.05255888	0.706009644	-0.082216024	-0.343307626	0.931997091	10.51767365	5
2	8	1	37	21.91603689	3	3	6	8	0.44	-99	-2.110498444	0.41023934	0.185128845	0.000299537	-0.07766394	-0.061354578	-1.478976679	0.383211844	8.715957433	5
2	8	1	38	24.18110122	4	2	7	8	0.63	-99	2.110498444	0.91023934	0.121188101	-0.00874516	0.137243304	0.013848066	1.650009561	0.656405792	8.616417882	5
2	8	1	39	14.79877864	4	0	6	8	0.32	-99	1.803141721	1.170973925	-0.019632923	-0.072201306	-0.112505656	-0.091636896	1.527699518	0.894785881	11.23405968	5
2	8	1	40	24.94757579	3	2	7	8	0.32	-99	2.110498444	0.91023934	0.029611612	-0.047393717	0.091138068	0.049853653	0.99789046	1.049737811	6.715921694	5
