2	41	1	1	22.36454704	2	0	6	8	0.57	0.287523032	1.803141721	1.170973925	-0.042248332	-0.021542676	-0.115455508	-0.058439672	1.787758112	1.724736571	14.66463828	1
2	41	1	2	34.49797723	1	3	7	8	0.26	0.52159546	-2.110498444	0.41023934	-0.042890799	0.030076301	-0.281621635	0.011669874	-1.996014237	0.652595699	22.38194438	1
2	41	1	3	32.81423709	2	2	6	8	0.29	0.136998018	2.110498444	0.91023934	-0.026331527	-0.053132011	-0.093861058	-0.047811687	2.31653595	0.670294359	14.88233442	1
2	41	1	4	38.93046967	1	0	5	8	1.27	1.702847494	1.803141721	1.170973925	-0.012487699	-0.031527914	-0.274091989	0.033267736	0.523747146	0.976822734	16.49872852	1
2	41	1	5	31.24739466	3	0	6	8	0.27	-99	1.803141721	1.170973925	-0.005495184	-0.066323098	-0.122444205	-0.076999068	2.039728642	0.972609371	15.7989865	1
2	41	1	6	30.7976832	4	1	5	8	0.57	-99	-1.803141721	1.170973925	-0.00083533	0.072807358	0.136238962	-0.019610941	-1.459144354	1.705406547	11.96594554	1
2	41	1	7	63.72910882	3	1	4	8	0.03	-99	-1.803141721	1.170973925	-0.158301737	-0.036012972	-0.107986793	-0.088070095	-1.954032183	1.098034263	10.81313286	1
2	41	1	8	43.0971366	4	0	4	8	0.27	-99	1.803141721	1.170973925	-0.018318148	-0.034351512	-0.091596939	-0.113639235	1.964044452	1.348304808	13.51578007	1
2	41	1	9	29.39754001	1	2	6	8	1.36	1.764870988	2.110498444	0.91023934	0.058822495	-0.131550452	0.417145938	0.156714946	2.24966836	2.143450737	20.11539608	2
2	41	1	10	38.49717848	2	1	7	8	1.1	0.644242773	-1.803141721	1.170973925	-0.085207374	0.080788816	0.152897537	-0.001961887	-0.918282747	1.785722971	14.63051743	2
2	41	1	11	37.30868274	2	0	5	8	0.48	0.236881356	1.803141721	1.170973925	0.024414651	-0.028148357	0.090292275	-0.063153923	1.361984968	1.022614837	8.31591121	2
2	41	1	12	41.04711147	1	1	4	8	0.14	0.295962883	-1.803141721	1.170973925	-0.198191759	-0.000619152	0.170327693	-0.119850516	-2.134828568	1.234060526	22.86510349	2
2	41	1	13	41.56367406	4	1	6	8	0.82	-99	-1.803141721	1.170973925	-0.128699021	-0.09821384	-0.183013767	-0.105527639	-1.663612127	1.856563926	9.08264077	2
2	41	1	14	21.99848492	4	1	7	8	1.25	-99	-1.803141721	1.170973925	-0.16565958	0.009063994	0.179540694	-0.033129156	-1.294667244	2.235770822	13.96372367	2
2	41	1	15	33.84737353	3	0	6	8	0.22	-99	1.803141721	1.170973925	-0.042731251	0.124157372	-0.017429322	-0.019508302	1.875596404	1.492405057	12.54917977	2
2	41	1	16	36.347636	3	3	6	8	0.86	-99	-2.110498444	0.41023934	0.002536787	-0.040464991	-0.211487666	-0.173880279	-2.044625759	1.232681692	8.432550474	2
2	41	1	17	25.14801619	1	2	6	8	0.81	1.29402215	2.110498444	0.91023934	-0.028585768	-0.012245222	0.457437962	0.262517288	2.583173037	1.538228869	16.56563989	3
2	41	1	18	16.36528676	2	2	4	8	1.43	0.942924537	2.110498444	0.91023934	-0.041267106	0.023699457	-0.14909263	-0.185834765	2.582828283	-0.402008832	19.18220654	3
2	41	1	19	36.0974208	1	0	6	8	0.39	0.740040615	1.803141721	1.170973925	-0.122891748	0.005057883	0.366483301	0.357941777	2.054796696	1.037077546	18.74885559	3
2	41	1	20	25.93149532	2	3	5	8	1.27	0.788085069	-2.110498444	0.41023934	0.039051978	0.00328363	0.125659883	-0.143471122	-2.138003111	-0.861186624	15.49903606	3
2	41	1	21	40.43044417	3	2	5	8	0.17	-99	2.110498444	0.91023934	0.106771623	0.07278307	0.134973943	-0.099671185	2.047047138	1.020860493	8.149421548	3
2	41	1	22	29.26459031	4	3	6	8	1.43	-99	-2.110498444	0.41023934	-0.13188054	-0.020279491	-0.162189692	-0.184673369	-1.650109887	1.696670175	8.948838818	3
2	41	1	23	23.2646233	4	2	4	8	0.48	-99	2.110498444	0.91023934	0.06441148	0.069928152	-0.164173976	-0.051818311	2.350651979	0.52995158	11.599258	3
2	41	1	24	20.26493238	3	2	4	8	0.46	-99	2.110498444	0.91023934	-0.105565293	0.071260101	-0.142847314	-0.178450465	2.099607706	1.439364851	11.14964665	3
2	41	1	25	35.4476605	1	2	5	8	0.67	1.132080829	2.110498444	0.91023934	-0.161718492	-0.060272819	-0.431867391	0.062705725	1.976902008	1.529035926	17.54869821	4
2	41	1	26	39.49714067	2	3	4	8	0.67	0.346638628	-2.110498444	0.41023934	-0.027366281	0.00895317	-0.174251586	-0.06313026	-2.081968308	1.096145809	11.04934086	4
2	41	1	27	24.98105999	2	2	6	8	0.37	0.17796528	2.110498444	0.91023934	-0.050486459	-0.039063631	-0.150479078	-0.208533823	1.968236446	1.232934654	13.26598843	4
2	41	1	28	25.46475334	1	3	7	8	0.62	1.069118437	-2.110498444	0.41023934	0.12428694	0.00263711	-0.338223398	0.026815295	-2.504170895	0.767081678	22.64857013	4
2	41	1	29	28.89777266	4	3	4	8	1.06	-99	-2.110498444	0.41023934	0.09596643	-0.012810629	-0.116409317	-0.160088003	-1.596211791	1.376279533	11.74910225	4
2	41	1	30	36.78067382	3	2	7	8	1.07	-99	2.110498444	0.91023934	-0.054712223	0.016478235	-0.033540525	-0.07500881	1.789116263	-0.114214659	8.69946467	4
2	41	1	31	22.34818242	3	1	7	8	0.27	-99	-1.803141721	1.170973925	-0.013652243	-0.037363489	0.298205286	0.064759284	-1.868049264	1.403351307	8.216088953	4
2	41	1	32	35.03074972	4	2	7	8	0.88	-99	2.110498444	0.91023934	-0.039090148	-0.012803113	0.173863798	0.002620727	2.151200056	0.011926383	9.415146089	4
2	41	1	33	31.91402282	1	1	4	8	0.23	0.467450875	-1.803141721	1.170973925	-0.095084267	-0.010791665	0.364415437	0.133908093	-1.664827347	1.155586302	18.1821017	5
2	41	1	34	20.52972192	2	1	7	8	1.31	0.824819361	-1.803141721	1.170973925	-0.036379192	0.000769182	0.15850921	-0.064543545	-0.683878839	1.802782536	10.59923087	5
2	41	1	35	27.99815303	2	1	4	8	0.86	0.468438322	-1.803141721	1.170973925	0.09203813	-0.00025756	-0.110196836	-0.198408544	-1.244039059	1.897669315	8.366222795	5
2	41	1	36	30.26146602	1	1	4	8	0.43	0.802272263	-1.803141721	1.170973925	-0.04179189	-0.001150732	0.504823029	0.334569663	-1.700269461	1.583161116	15.39903972	5
2	41	1	37	32.99753653	3	3	4	8	0.53	-99	-2.110498444	0.41023934	-8.04E-05	-0.109052213	-0.144265115	-0.265063941	-2.191566229	0.830753237	9.732822074	5
2	41	1	38	34.04703736	4	2	5	8	0.79	-99	2.110498444	0.91023934	0.107908387	0.095252413	0.176086724	-0.105641246	2.383245707	0.225909799	8.233322172	5
2	41	1	39	15.01579764	3	1	5	8	0.3	-99	-1.803141721	1.170973925	-0.058323459	-0.023028448	0.139184967	-0.084601462	-1.899739385	1.446229041	10.2493645	5
2	41	1	40	20.21500948	4	0	6	8	0.3	-99	1.803141721	1.170973925	-0.029728636	0.001015075	-0.123755082	-0.11708802	1.995877981	0.940661818	13.49900794	5
