1	18	2	1	33.6307082	1	3	6	8	1.56	1.086851262	-2.110498444	0.41023934	-0.084202616	0.051273126	0.162340271	0.280861318	-1.275329542	-0.808137298	14.81490471	1
1	18	2	2	26.46452991	2	3	4	8	0.51	0.920211888	-2.110498444	0.41023934	0.108687685	0.048851716	-0.180543196	-0.092136562	-1.592493367	0.152201891	10.08244934	1
1	18	2	3	26.29728658	2	3	6	8	0.93	1.417481001	-2.110498444	0.41023934	0.04645782	0.029871444	-0.024098885	-0.045575798	-1.344964099	-0.157567441	9.782118199	1
1	18	2	4	32.74729583	1	2	5	8	0.83	0.448296784	2.110498444	0.91023934	0.089136136	-0.033786422	-0.575614047	-0.285088062	2.693858671	1.550894022	19.93189203	1
1	18	2	5	29.89753915	4	0	5	8	1	-99	1.803141721	1.170973925	-0.05686204	0.149668189	0.168411779	-0.090727448	1.668387461	0.320165589	7.63270794	1
1	18	2	6	21.69813609	3	0	4	8	0.19	-99	1.803141721	1.170973925	-0.016997216	0.074222874	-0.031821263	-0.022476733	1.601738262	1.171096563	10.61553027	1
1	18	2	7	23.95482071	3	3	7	8	0.61	-99	-2.110498444	0.41023934	0.080495477	0.006809749	0.08959778	-0.05639112	-1.422071409	0.306784004	8.508765678	1
1	18	2	8	25.35429709	4	1	5	8	0.35	-99	-1.803141721	1.170973925	-0.020656057	0.034390688	0.028811234	-0.075690866	-1.500352931	1.344822228	11.99893118	1
1	18	2	9	54.41249114	1	0	4	8	0.59	0.299097211	1.803141721	1.170973925	0.130094934	0.010707766	0.781826246	0.174777716	2.409130859	1.544214487	22.31561404	2
1	18	2	10	26.54750258	1	3	5	8	0.11	0.049997073	-2.110498444	0.41023934	-0.010309507	0.069438807	-0.201008809	-0.145619392	-2.061256599	0.384885088	22.5318088	2
1	18	2	11	30.54784252	2	0	5	8	0.19	0.392946066	1.803141721	1.170973925	-0.073550042	0.000452683	0.045859176	-0.054524839	1.842559981	1.010588646	13.35213056	2
1	18	2	12	36.64714242	2	3	4	8	1.04	1.51951631	-2.110498444	0.41023934	-0.074906202	-0.015919082	-0.139182848	-0.050963163	-1.187867832	0.086325437	9.249421706	2
1	18	2	13	25.26458645	4	0	4	8	0.53	-99	1.803141721	1.170973925	-0.085415107	-0.031670008	-0.001649749	0.054386109	2.249059844	1.049578726	17.0149271	2
1	18	2	14	28.73064614	4	3	5	8	0.26	-99	-2.110498444	0.41023934	0.149223118	-0.005984116	0.004888314	0.046409339	-2.192622137	0.271874338	14.43211846	2
1	18	2	15	25.61487681	3	0	6	8	0.78	-99	1.803141721	1.170973925	0.066740124	-0.017694285	-0.010481578	0.039337277	2.3418396	1.774882197	21.14713604	2
1	18	2	16	30.6805102	3	1	5	8	0.47	-99	-1.803141721	1.170973925	-0.00137045	-0.106198134	-0.025048417	-0.038274109	-1.637319994	0.617507979	20.36551277	2
1	18	2	17	36.01378211	1	1	6	8	0.21	0.097487683	-1.803141721	1.170973925	0.000866125	-0.115373167	0.79118343	0.183951825	-2.009853554	1.098717272	23.5318115	3
1	18	2	18	24.03117996	2	1	5	8	0.45	0.832557973	-1.803141721	1.170973925	-0.008978267	-0.013676476	-0.031015795	0.004395276	-1.572957945	1.542718887	19.74732088	3
1	18	2	19	45.89325963	1	1	7	8	0.52	0.259104319	-1.803141721	1.170973925	0.02137311	0.060073622	-0.388485742	-0.149494469	-1.52537663	0.776748687	20.63251481	3
1	18	2	20	34.01402	2	1	5	8	0.32	0.625596019	-1.803141721	1.170973925	-0.003865868	-0.11442891	-0.021883023	-0.007325709	-1.918948364	0.750763357	23.54845998	3
1	18	2	21	24.36452751	4	3	7	8	0.78	-99	-2.110498444	0.41023934	0.004397806	-0.152277279	-0.095553261	-0.033675969	-2.044705343	1.037182927	16.75247815	3
1	18	2	22	36.63016503	4	3	6	8	0.47	-99	-2.110498444	0.41023934	0.092991459	-0.017274573	-0.073459607	-0.003166914	-1.94367094	0.857379466	22.58166196	3
1	18	2	23	30.51475513	3	2	6	8	0.51	-99	2.110498444	0.91023934	0.019771692	0.055720679	-0.023300183	0.054417491	2.396492052	1.410000443	19.28191008	3
1	18	2	24	30.93084401	3	3	5	8	0.26	-99	-2.110498444	0.41023934	0.147615711	0.111057427	0.016262668	-0.042346358	-1.731192541	0.659197912	16.71513493	3
1	18	2	25	24.72537063	2	2	6	8	0.29	0.574297701	2.110498444	0.91023934	-0.000325879	0.080083878	-0.042952967	0.05867365	2.041186857	1.281328559	20.1152662	4
1	18	2	26	29.9141521	1	0	6	8	0.34	0.162425011	1.803141721	1.170973925	0.016748849	0.088173696	0.23664588	-0.123023987	2.125638056	1.097414374	19.58191458	4
1	18	2	27	45.34645325	2	1	7	8	0.69	1.156483095	-1.803141721	1.170973925	0.045246109	-0.071872657	-0.068803114	-0.035234869	-1.064171267	1.082670033	16.94847561	4
1	18	2	28	41.56349186	1	3	4	8	0.49	0.242395566	-2.110498444	0.41023934	-0.016186268	0.038901176	0.237538993	-0.276434004	-1.943567467	0.907132179	32.44280065	4
1	18	2	29	29.23096742	4	2	4	8	0.37	-99	2.110498444	0.91023934	-0.035650661	-0.002356006	0.022431779	0.049911112	1.882510233	0.59092883	20.59858783	4
1	18	2	30	43.66322407	3	1	4	8	0.21	-99	-1.803141721	1.170973925	-0.001356088	0.027308853	-0.075304043	-0.058509767	-1.763265562	1.41301924	18.27066916	4
1	18	2	31	37.59752647	4	2	6	8	0.31	-99	2.110498444	0.91023934	0.038972986	-0.204243547	-0.022624028	0.082979649	1.976643014	0.96896714	31.88117593	4
1	18	2	32	33.61371377	3	3	7	8	0.25	-99	-2.110498444	0.41023934	0.106664199	-0.005197273	0.004800308	-0.117648184	-1.900314522	0.639390856	16.01548296	4
1	18	2	33	45.87980435	2	0	7	8	0.25	0.503709453	1.803141721	1.170973925	0.002043937	0.057875753	0.105401325	-0.072772563	2.020245123	1.091705084	23.78149947	5
1	18	2	34	39.75715475	1	1	7	8	0.34	0.162425011	-1.803141721	1.170973925	-0.136393614	-0.013472681	-0.140698832	0.258002415	-1.892169189	1.497620523	25.14829919	5
1	18	2	35	32.01410046	2	2	6	8	0.46	0.847497622	2.110498444	0.91023934	0.162719676	0.061181666	0.034013915	0.095298767	1.91317575	0.67458494	17.11543006	5
1	18	2	36	38.96358926	1	2	5	8	0.98	0.552867108	2.110498444	0.91023934	0.038043494	0.001581581	-0.626529169	0.112577796	2.777879524	1.671595216	23.30219317	5
1	18	2	37	44.92842765	4	1	6	8	0.43	-99	-1.803141721	1.170973925	-0.09135616	-1.39E-05	-0.08340959	0.004764766	-2.010840607	1.588758707	23.94832318	5
1	18	2	38	42.21344345	3	1	6	8	0.39	-99	-1.803141721	1.170973925	-0.099951148	0.059869536	-0.112420481	-0.006051004	-1.835015011	1.623556733	29.59790604	5
1	18	2	39	46.99647401	3	2	5	8	0.29	-99	2.110498444	0.91023934	-0.012890706	0.047555513	0.035774368	-0.141999662	1.943975496	1.213849187	21.93196391	5
1	18	2	40	42.61333679	4	1	7	8	0.29	-99	-1.803141721	1.170973925	-0.021166724	0.002181	0.097872335	-0.059817493	-1.524666262	2.093225837	24.89864134	5
