1	36	2	1	20.24801718	2	3	7	8	0.51	0.920211888	-2.110498444	0.41023934	0.030991613	0.254033701	0.156303644	-0.029230773	-1.946382761	1.166034043	11.73089663	1
1	36	2	2	21.2314277	2	0	4	8	0.35	0.675527814	1.803141721	1.170973925	0.01192026	-0.086612261	0.020902272	-0.015545726	1.599324703	1.365487278	9.632692688	1
1	36	2	3	25.89762253	1	3	4	8	0.55	0.276068177	-2.110498444	0.41023934	0.005135908	0.106207029	0.248458013	-0.095485508	-1.977853298	1.052090108	19.5650841	1
1	36	2	4	17.4810982	1	1	5	8	0.32	0.152184283	-1.803141721	1.170973925	-0.038629781	0.137348114	-0.348326117	-0.042565823	-2.022171021	1.581157207	14.93235283	1
1	36	2	5	22.61462549	4	1	7	8	0.77	-99	-1.803141721	1.170973925	0.012049198	0.102379219	0.07344158	-0.02697432	-1.521813631	1.999079585	12.26567865	1
1	36	2	6	18.84816067	3	0	4	8	1.22	-99	1.803141721	1.170973925	-0.03862526	-0.045607967	-0.101718992	-0.066794753	2.856273174	1.675712228	14.56553459	1
1	36	2	7	25.84739143	3	2	5	8	0.66	-99	2.110498444	0.91023934	0.018187122	-0.131734246	0.09487319	-0.052965879	2.523671627	1.319662929	18.59895987	1
1	36	2	8	22.64836268	3	1	4	8	0.51	-99	-1.803141721	1.170973925	-0.04475971	-0.032347563	-0.207808509	-0.084037721	-1.732098818	1.639883041	11.4154713	1
1	36	2	9	20.69814859	4	3	6	8	1.33	-99	-2.110498444	0.41023934	0.129395147	0.006869694	-0.09648031	-0.086509228	-1.543558836	1.674028516	10.41707297	2
1	36	2	10	24.43108469	4	2	5	8	0.51	-99	2.110498444	0.91023934	-0.085779537	0.074494959	0.113346577	-0.124083042	2.539255619	0.945499182	12.9485679	2
1	36	2	1	22.8146417	1	3	6	8	0.1	0.045357772	-2.110498444	0.41023934	0.0090698	-0.099905616	0.282763988	-0.075389206	-2.043745518	0.393261224	17.28135603	2
1	36	2	2	13.71539542	1	3	7	8	0.33	0.157292849	-2.110498444	0.41023934	0.003006759	0.045806281	-0.24577865	-0.069773674	-2.26614213	0.755191028	11.69900803	2
1	36	2	3	21.66343457	2	1	4	8	0.14	0.295962883	-1.803141721	1.170973925	-0.028082078	0.042606889	-0.145915031	-0.05129534	-1.711087704	1.29427439	11.73089068	2
1	36	2	4	18.69829647	2	0	6	8	0.32	0.625596019	1.803141721	1.170973925	0.086262514	0.039049863	-0.111178108	-0.081620514	2.211194992	1.150989652	10.08316382	2
1	36	2	5	18.04830298	3	1	7	8	0.3	-99	-1.803141721	1.170973925	-0.034837304	0.003881139	0.165159971	-0.034228444	-1.763926983	1.467617333	12.49901244	2
1	36	2	6	15.26527772	4	0	4	8	0.22	-99	1.803141721	1.170973925	-0.112749974	-0.004803065	-0.050653391	-0.041809201	1.755389929	1.377667308	12.16680129	2
1	36	2	7	22.04820747	4	1	6	8	0.76	-99	-1.803141721	1.170973925	-0.00115461	0.056250071	-0.245167986	-0.086268365	-1.334913373	1.830865741	8.616658752	2
1	36	2	8	22.31306562	3	2	7	8	0.61	-99	2.110498444	0.91023934	0.043383578	0.039448711	0.148568213	-0.060842633	1.724395394	1.391904891	12.26574794	2
1	36	2	9	22.06464424	1	2	7	8	0.77	0.409077026	2.110498444	0.91023934	0.037630829	0.018226222	-0.378813565	-0.329073668	1.862295032	0.206241369	13.94926327	3
1	36	2	10	17.48132808	2	1	7	8	0.14	0.295962883	-1.803141721	1.170973925	-0.10933855	-0.020945828	0.115073025	-0.045182228	-2.050817966	1.185972869	9.815715836	3
1	36	2	11	21.98129407	1	0	5	8	0.65	0.334561214	1.803141721	1.170973925	-0.10274859	-0.046563756	-0.277813882	-0.192837477	1.201403022	0.703903228	19.08238764	3
1	36	2	12	15.58191309	2	0	6	8	0.38	0.724129488	1.803141721	1.170973925	0.050981047	0.000602135	-0.089234032	-0.062386036	2.03664279	0.831443459	7.982734627	3
1	36	2	13	22.94817541	3	3	6	8	0.25	-99	-2.110498444	0.41023934	0.060359151	0.078427951	-0.298933238	-0.069686532	-2.299056053	0.425640151	9.532519631	3
1	36	2	14	16.46502329	4	1	7	8	1.14	-99	-1.803141721	1.170973925	-0.01567495	0.039747922	0.148944631	-0.012371302	-1.149282694	2.138573408	10.31577068	3
1	36	2	15	25.39771481	4	0	7	8	0.54	-99	1.803141721	1.170973925	0.123041293	-0.005406781	0.197732553	-0.032637417	2.419305563	0.924481303	10.09920434	3
1	36	2	16	19.81488697	3	0	7	8	0.49	-99	1.803141721	1.170973925	0.013637684	-0.006812784	0.150536954	-0.116038978	1.517061591	1.560618997	7.982561612	3
1	36	2	17	15.36494771	1	1	7	8	0.24	0.11213991	-1.803141721	1.170973925	0.042646998	-0.015478297	-0.256814599	0.017493904	-1.553906918	1.024425328	18.63191566	4
1	36	2	18	15.89798937	2	1	5	8	0.99	1.474386744	-1.803141721	1.170973925	-0.124412374	-0.018661861	0.150669217	-0.085344136	-1.75077939	2.135478616	8.649308913	4
1	36	2	19	19.88158495	1	1	6	8	0.32	0.152184283	-1.803141721	1.170973925	-0.054682011	-0.017066313	0.252539545	-0.181711793	-2.055884838	0.900313467	18.29909164	4
1	36	2	20	21.83133928	2	0	5	8	0.6	1.043129369	1.803141721	1.170973925	-0.001739813	0.240732616	0.131862655	-0.076537848	1.846085906	0.80462566	8.116076139	4
1	36	2	21	14.03212232	3	1	5	8	0.47	-99	-1.803141721	1.170973925	-0.102209781	-0.034414182	0.090754375	-0.103468895	-1.598112464	1.495109439	11.36603274	4
1	36	2	22	14.19850088	4	3	5	8	0.84	-99	-2.110498444	0.41023934	-0.047461309	0.012573888	0.053250905	-0.077579737	-2.032455206	1.25972271	12.79909616	4
1	36	2	23	15.73202439	4	0	6	8	0.83	-99	1.803141721	1.170973925	0.027586498	0.037781064	-0.16987364	-0.119257867	2.437826395	0.629343882	7.916039143	4
1	36	2	24	18.69813005	3	3	6	8	0.54	-99	-2.110498444	0.41023934	0.001926247	0.033171666	-0.20831719	-0.074896216	-2.317147255	0.949670881	8.132555314	4
1	36	2	25	16.26498599	1	2	4	8	0.26	0.122016518	2.110498444	0.91023934	-0.058375615	-0.001464661	0.244181424	0.097082227	2.262815714	1.077086389	11.66590206	5
1	36	2	26	18.24815668	2	3	4	8	0.53	0.948393677	-2.110498444	0.41023934	0.014823518	-0.003982783	-0.139162496	-0.031796575	-2.628760338	0.343739197	9.815965307	5
1	36	2	27	21.39816946	1	0	5	8	0.31	0.147099098	1.803141721	1.170973925	0.049197227	0.094762972	-0.300144881	-0.053591192	1.588899732	1.445278108	15.86551794	5
1	36	2	28	14.63176474	2	2	6	8	0.26	0.52159546	2.110498444	0.91023934	0.052741122	-0.040292398	-0.121294156	-0.077159703	2.326378107	0.663755924	8.016393448	5
1	36	2	29	16.96479934	4	1	4	8	0.94	-99	-1.803141721	1.170973925	-0.013430348	-0.009212586	-0.154798314	-0.080602109	-1.135192871	1.81959641	8.166145931	5
1	36	2	30	20.1146043	3	0	5	8	0.48	-99	1.803141721	1.170973925	0.073377262	-0.043266143	0.136176184	-0.052029669	1.575965643	1.513569832	9.049265702	5
1	36	2	31	18.4481539	3	1	4	8	0.21	-99	-1.803141721	1.170973925	-0.026345451	-0.06694058	-0.100986354	-0.086744547	-1.945796728	1.283362329	7.849213683	5
1	36	2	32	19.58160674	4	2	5	8	0.63	-99	2.110498444	0.91023934	-0.10309738	0.017506183	0.05716313	-0.041854501	2.273659229	0.356734142	7.965867107	5
