1	32	2	1	26.89738823	1	0	4	8	1.53	1.051944377	1.803141721	1.170973925	-0.004512635	-0.019463419	0.315828978	0.122015357	0.304826908	0.811885417	19.0504598	1
1	32	2	2	35.94680276	2	0	7	8	1.11	1.579381238	1.803141721	1.170973925	0.010384372	0.036537269	0.196144874	0.000366271	1.26992451	0.234211385	15.74861021	1
1	32	2	3	23.63125376	2	0	4	8	1.02	1.501707808	1.803141721	1.170973925	-0.015918249	-0.035987367	-0.158975852	-0.099023163	0.979652393	0.497114374	16.19878191	1
1	32	2	4	34.64695414	1	1	4	8	0.13	0.059334196	-1.803141721	1.170973925	-0.045179244	0.101748722	0.607465583	-0.129389107	-1.717516613	1.287293673	20.73173956	1
1	32	2	5	34.61310387	4	1	4	8	0.64	-99	-1.803141721	1.170973925	0.016671889	-0.001398346	-0.099309427	-0.062014461	-1.603338432	1.790514827	26.48434453	1
1	32	2	6	39.79621473	4	3	7	8	0.94	-99	-2.110498444	0.41023934	0.01044323	-0.112318833	0.099010962	0.02898863	-1.682229471	1.141809165	21.13155254	1
1	32	2	7	40.46309804	3	2	7	8	1.23	-99	2.110498444	0.91023934	-0.03348323	0.000177031	0.227891552	-0.046042085	0.847910392	0.751954854	15.04876317	1
1	32	2	8	32.99714332	3	3	5	8	0.98	-99	-2.110498444	0.41023934	0.021011809	0.033806891	0.109543774	-0.119638979	-1.177498531	0.820472181	14.98214444	1
1	32	2	9	32.23042695	2	3	5	8	1.41	1.797218515	-2.110498444	0.41023934	0.073145308	-0.01563192	0.109876099	-0.092508614	-0.69757421	0.855773091	11.30037335	2
1	32	2	10	29.14756165	1	1	5	8	0.42	0.204358709	-1.803141721	1.170973925	-0.082366519	0.032510158	-0.241964233	-0.086398542	-1.467219663	1.147642434	19.21508809	2
1	32	2	1	36.53022141	1	0	5	8	0.84	0.454970144	1.803141721	1.170973925	-0.000753464	0.034845555	-0.042671245	0.154287934	1.144936371	0.672771379	23.08089595	2
1	32	2	2	58.57847502	2	3	5	8	0.96	1.446317963	-2.110498444	0.41023934	-0.033342714	-0.039298107	0.128735545	-0.106133878	-1.272727561	-0.051155686	13.46725402	2
1	32	2	3	31.86378223	2	2	5	8	0.79	1.272118002	2.110498444	0.91023934	-0.022269266	0.08854557	0.089006665	-0.067695081	1.501861024	0.462711729	18.08145553	2
1	32	2	4	28.66398624	1	0	6	8	0.12	0.054655827	1.803141721	1.170973925	-0.050897823	0.059813323	0.696614045	0.059643894	1.826343107	1.12674588	16.68201678	2
1	32	2	5	20.78140714	4	0	6	8	0.95	-99	1.803141721	1.170973925	-0.002656327	-0.02102584	-0.097358954	-0.038044095	2.74243598	0.980119854	21.19807516	2
1	32	2	6	23.61439728	3	2	6	8	0.66	-99	2.110498444	0.91023934	0.174513899	-0.012136224	-0.092946512	-0.083603978	2.161872911	1.548607469	18.61515201	2
1	32	2	7	24.21434444	3	0	6	8	0.39	-99	1.803141721	1.170973925	0.083266162	0.119043983	-0.182316762	-0.107800961	2.249504137	1.452761352	22.39883689	2
1	32	2	8	30.73043754	4	3	5	8	0.94	-99	-2.110498444	0.41023934	-0.091409161	0.031333494	0.108523998	-0.032114267	-1.560545754	1.133746028	16.96529044	2
1	32	2	9	27.39768721	1	2	7	8	0.61	0.310793225	2.110498444	0.91023934	0.098471741	-0.068051439	-0.789157581	-0.074995637	1.622078586	1.02354908	21.08198985	3
1	32	2	10	26.26411382	1	0	5	8	0.04	0.017921535	1.803141721	1.170973925	-0.032674385	0.037287955	-0.037370485	-0.203593194	1.76155405	1.253016412	18.79841381	3
1	32	2	11	19.68133747	2	0	6	8	0.44	0.81748326	1.803141721	1.170973925	-0.05406266	0.04843618	-0.248985362	-0.064170301	1.798821855	0.777045667	14.81509948	3
1	32	2	12	49.29515589	2	3	7	8	1	1.483575851	-2.110498444	0.41023934	-0.000812272	0.097654929	0.22412281	-0.034638524	-1.437940311	-0.232166827	12.9155479	3
1	32	2	13	30.9638407	3	3	4	8	1.36	-99	-2.110498444	0.41023934	0.008612253	-0.16888452	0.004727411	-8.12E-05	-0.818811369	0.714569956	15.03220522	3
1	32	2	14	20.41471049	4	0	4	8	0.57	-99	1.803141721	1.170973925	-0.007402542	-0.059139788	-0.148004484	-0.091286421	2.300048637	0.84156397	17.28237434	3
1	32	2	15	21.03123719	3	0	4	8	0.33	-99	1.803141721	1.170973925	-0.021510469	-0.006086367	-0.166258943	-0.05682224	2.041022944	1.380398393	19.13186283	3
1	32	2	16	29.59713736	4	2	5	8	0.65	-99	2.110498444	0.91023934	-0.121534031	-0.000428269	0.108065131	-0.138120592	2.631083298	0.763880789	24.16476847	3
1	32	2	17	29.64708405	1	3	4	8	0.78	0.415518268	-2.110498444	0.41023934	-0.099074233	0.011620586	0.652496684	0.048565596	-1.914975119	1.147745848	18.21554408	4
1	32	2	18	45.79601212	1	3	5	8	0.31	0.147099098	-2.110498444	0.41023934	-0.071399827	-0.000793455	-0.747448277	-0.215264559	-2.032837343	0.69069463	19.84773988	4
1	32	2	19	21.6480684	2	0	4	8	0.41	0.771436474	1.803141721	1.170973925	-0.10946969	0.041472507	-0.216943753	-0.059522748	1.4256423	0.899231493	11.23255743	4
1	32	2	20	34.79679769	2	1	4	8	0.93	1.417481001	-1.803141721	1.170973925	-0.096607957	-0.045833116	-0.051407975	-0.087949574	-1.59326036	0.243723392	13.46555149	4
1	32	2	21	28.48062828	3	1	7	8	0.14	-99	-1.803141721	1.170973925	0.087888826	-0.001061805	0.030707496	0.029534012	-1.829635572	1.076799929	18.33184765	4
1	32	2	22	23.21453632	4	2	6	8	0.1	-99	2.110498444	0.91023934	0.125908122	0.026858289	-0.213804674	-0.140532315	2.196117091	0.844100505	15.86529973	4
1	32	2	23	28.36449228	3	3	5	8	0.59	-99	-2.110498444	0.41023934	0.031814949	0.006351824	0.096015009	-0.093304813	-1.676132631	0.852171659	12.58255058	4
1	32	2	24	26.74745281	4	1	4	8	0.64	-99	-1.803141721	1.170973925	0.201046022	-0.000578566	-0.155819964	-0.044850945	-1.041027737	1.492856085	16.94865795	4
1	32	2	25	22.88103108	1	1	4	8	0.38	0.183194048	-1.803141721	1.170973925	-0.023071172	-0.011183213	0.754056412	-0.106870592	-1.531759214	0.912227452	18.43178907	5
1	32	2	26	27.83075832	1	2	7	8	0.61	0.310793225	2.110498444	0.91023934	0.012004157	-0.062607894	-0.659049642	0.008111179	1.862765002	1.404932022	25.89904376	5
1	32	2	27	32.36378397	2	3	4	8	0.19	0.392946066	-2.110498444	0.41023934	0.17117894	0.123688943	-0.180974823	-0.077775538	-1.904469919	0.339544713	13.96537	5
1	32	2	28	27.49734583	2	0	5	8	1.9	2.28	1.803141721	1.170973925	0.103513726	0.048540024	0.068915102	-0.064911962	1.749884653	-0.676556945	12.71541161	5
1	32	2	29	25.61417817	4	0	5	8	0.73	-99	1.803141721	1.170973925	-0.017481486	-0.010759882	0.052457693	-0.040017724	2.503953981	0.983946115	16.29878914	5
1	32	2	30	24.39763664	3	1	4	8	0.24	-99	-1.803141721	1.170973925	0.017231133	0.111596977	-0.147371244	-0.107633948	-1.566455078	1.175112844	20.06495899	5
1	32	2	31	30.74714802	3	3	5	8	0.72	-99	-2.110498444	0.41023934	0.0107696	0.009443066	0.108461815	-0.1591627	-1.837488127	1.094410121	13.88215441	5
1	32	2	32	22.19771712	4	1	7	8	0.46	-99	-1.803141721	1.170973925	0.065846025	0.091001324	0.120715651	0.001918107	-1.318620157	1.453329146	12.94889225	5
