2	23	2	1	24.99784969	2	0	7	8	0.23	0.107234334	1.803141721	1.170973925	-0.063878637	0.13213489	-0.094365847	-0.317067087	1.964292455	1.356990159	8.215247825	1
2	23	2	2	24.24793802	1	2	7	8	0.77	1.249816011	2.110498444	0.91023934	0.096937072	0.043497015	-0.227048945	-0.071334839	2.221224594	0.181734771	13.01568505	1
2	23	2	3	22.94807376	2	1	4	8	1.41	0.922347817	-1.803141721	1.170973925	0.006167705	0.017165273	-0.252952588	-0.173275471	-3.174160433	0.856201708	9.56595996	1
2	23	2	4	21.96450936	1	1	6	8	1.44	1.815939742	-1.803141721	1.170973925	-0.043923708	-2.76E-05	0.061009872	-0.177767336	-2.984013987	0.2869955	14.87157358	1
2	23	2	5	21.98160799	4	1	4	8	1	-99	-1.803141721	1.170973925	0.022162398	-0.08041855	-0.13806985	-0.087590694	-2.317622137	1.944326639	17.41491238	1
2	23	2	6	25.21423781	3	0	5	8	0.29	-99	1.803141721	1.170973925	-0.036903724	0.101051046	0.352722462	-0.108172715	2.043819594	1.164378524	8.549036435	1
2	23	2	7	22.41451389	4	2	5	8	0.35	-99	2.110498444	0.91023934	-0.00278471	-0.053549649	0.440091017	-0.084305048	2.194381881	1.201865077	8.284167716	1
2	23	2	8	14.24857903	3	2	4	8	0.87	-99	2.110498444	0.91023934	0.026254514	-0.056227011	-0.162414771	-0.135586143	2.308055925	1.716413021	11.18255704	1
2	23	2	9	20.46493424	2	2	5	8	0.5	0.247937279	2.110498444	0.91023934	-0.129577739	-0.001491733	0.625930178	-0.102484405	2.098463941	1.402795076	8.73272195	2
2	23	2	10	21.51460024	1	2	7	8	0.44	0.81748326	2.110498444	0.91023934	0.052535777	-1.97E-05	0.027048963	-0.274758339	2.156161475	1.357554257	15.71537084	2
2	23	2	11	20.0812798	1	3	5	8	0.21	0.430533733	-2.110498444	0.41023934	-0.124614432	-0.044068239	-0.122637105	-0.219207883	-2.342474651	0.556233082	14.5616807	2
2	23	2	12	23.99865972	2	1	4	8	1.09	0.636334475	-1.803141721	1.170973925	0.001394908	0.032621642	-0.267317367	0.077408373	-2.894623232	1.218433857	7.382699639	2
2	23	2	13	17.13136558	3	1	7	8	0.76	-99	-1.803141721	1.170973925	0.134517721	-0.033120194	0.568790454	0.1734294	-2.345831585	0.790104985	7.382201169	2
2	23	2	14	14.21306061	3	3	5	8	0.92	-99	-2.110498444	0.41023934	0.003695248	0.034128858	0.335000227	-0.369528174	-2.407822084	1.316394806	7.315674279	2
2	23	2	15	26.43084385	4	1	5	8	0.58	-99	-1.803141721	1.170973925	0.016075222	0.013600085	0.29668852	-0.140634835	-2.126312685	0.709557801	8.499360562	2
2	23	2	16	19.53144864	4	1	7	8	0.18	-99	-1.803141721	1.170973925	0.046661786	0.006940797	0.369909275	-0.051186562	-1.861921501	1.030019581	8.685582283	2
2	23	2	17	14.31521654	2	3	5	8	0.28	0.131981707	-2.110498444	0.41023934	-0.006133236	-0.076091175	0.37144998	-0.518213034	-1.833134604	0.275405154	8.482645506	3
2	23	2	18	12.46560446	1	1	5	8	1.09	1.562660062	-1.803141721	1.170973925	0.009369961	-0.002460994	0.004411805	-0.110209048	-2.706571293	0.559072968	18.03210414	3
2	23	2	19	22.64766359	2	1	6	8	0.53	0.26473021	-1.803141721	1.170973925	-0.055771259	-0.001454761	-0.360160124	-0.051781654	-1.901946735	1.707462788	12.90405218	3
2	23	2	20	58.24539159	1	3	4	8	0.63	1.081938594	-2.110498444	0.41023934	-0.004619514	0.005272988	0.288940767	-0.114856839	-2.0548944	1.046717107	12.13253278	3
2	23	2	21	14.78117634	3	2	4	8	0.51	-99	2.110498444	0.91023934	0.004652869	0.011457819	-0.182444733	-0.066548586	2.154236841	0.404004954	7.463797342	3
2	23	2	22	37.69667173	3	3	7	8	0.77	-99	-2.110498444	0.41023934	0.128609807	-0.022945663	0.720409501	0.028989136	-2.54076786	0.924251229	8.299353118	3
2	23	2	23	26.34781626	4	3	7	8	1.1	-99	-2.110498444	0.41023934	-0.131623774	-0.078812134	0.251084498	-0.347797513	-2.306919527	1.439112723	8.061828123	3
2	23	2	24	16.2656598	4	0	6	8	0.85	-99	1.803141721	1.170973925	0.001264522	0.000245885	-0.567721856	-0.251577079	2.236558723	0.430939108	11.49100785	3
2	23	2	25	21.1978574	2	0	7	8	0.36	0.172761003	1.803141721	1.170973925	-0.010672303	0.009701129	0.572819817	-0.027698457	1.974303055	1.498687029	6.966140626	4
2	23	2	26	20.2480235	2	2	5	8	0.51	0.25350677	2.110498444	0.91023934	-0.058690737	0.014726604	0.346778742	-0.170093119	2.367302704	1.331608951	8.216493339	4
2	23	2	27	19.33135448	1	3	4	8	0.36	0.691874394	-2.110498444	0.41023934	-0.000137083	-0.021266436	-0.113957089	-0.22687304	-2.424970102	0.577242188	12.68268275	4
2	23	2	28	20.61446091	1	0	5	8	0.34	0.659033451	1.803141721	1.170973925	0.009140553	-0.148940083	-0.291091335	-0.341372848	1.61196332	1.301966131	11.82644694	4
2	23	2	29	13.330562	3	1	5	8	0.7	-99	-1.803141721	1.170973925	-0.001301111	-0.03603029	0.316251605	-0.076049864	-2.33662219	0.673235536	8.316075257	4
2	23	2	30	13.00487555	4	3	7	8	0.6	-99	-2.110498444	0.41023934	-0.003681068	0.11798536	0.432177472	-0.181879282	-1.521237206	0.667499408	9.0994862	4
2	23	2	31	14.28177926	4	3	5	8	0.5	-99	-2.110498444	0.41023934	-0.013945658	0.018523234	0.11368576	-0.455738187	-1.897321892	0.878480077	6.984151186	4
2	23	2	32	19.81506734	3	3	6	8	1.6	-99	-2.110498444	0.41023934	-0.009216104	0.006696491	-0.335762215	-0.001892209	-2.576554489	1.954652429	8.816819548	4
2	23	2	33	18.5817438	1	0	7	8	0.69	1.156483095	1.803141721	1.170973925	-0.060383526	-0.00168116	0.083614933	-0.029257894	2.373756933	1.461782634	11.93029434	5
2	23	2	34	11.31508344	2	3	7	8	0.28	0.131981707	-2.110498444	0.41023934	0.144409611	0.018442287	0.405210021	-0.110643923	-1.835700226	0.681022108	8.148269366	5
2	23	2	35	18.93141859	2	3	6	8	0.43	0.209713472	-2.110498444	0.41023934	0.039440818	0.008417974	-0.153637421	0.002931535	-2.507538509	0.45661369	7.399272501	5
2	23	2	36	17.5151088	1	1	6	8	1.04	1.51951631	-1.803141721	1.170973925	0.085041616	-0.003049744	-0.076753926	0.033876538	-2.644658041	0.693445936	12.65057322	5
2	23	2	37	13.14868755	4	2	4	8	0.08	-99	2.110498444	0.91023934	0.12411138	0.010969281	-0.295291257	-0.104863942	2.308488178	0.877723843	9.215995166	5
2	23	2	38	12.06516114	4	0	6	8	0.7	-99	1.803141721	1.170973925	-0.005898639	0.031505044	-0.347419512	-0.075358927	2.223200011	0.636086226	9.12619282	5
2	23	2	39	20.49839314	3	1	6	8	0.56	-99	-1.803141721	1.170973925	-0.082192902	-0.005487675	-0.289601398	-0.184071541	-2.36045785	0.860046893	8.317779166	5
2	23	2	40	17.31526253	3	0	7	8	0.56	-99	1.803141721	1.170973925	0.014374447	0.12180631	0.457599092	-0.073138595	2.442014265	1.979087472	6.030016451	5
