12	1	1	1	37.4637310431	31	0	3	6	8	-2.11049844441	0.41023934006	-0.0522077406542	-0.0664781925919	-0.157804203033	-0.0319299697876	-0.824845385551	2.68625664711	14.0396681202
12	1	1	2	38.8801993035	21	0	1	6	8	-1.80314172108	1.17097392528	-0.0783678107281	-0.042577215917	-0.10127697587	-0.0089470744133	-1.43778498173	1.33968484402	11.6322839063
12	1	1	3	24.0979800294	41	0	0	4	8	1.80314172108	1.17097392528	0.0658365478401	0.109565348556	-0.10552225709	-0.0278106331825	2.13778202534	1.20957171917	10.4991978358
12	1	1	4	21.6818217583	1	0	2	6	8	2.11049844441	0.41023934006	0.0051674922681	0.00753120278896	0.29365436472	0.0785077512264	1.63027720451	2.00875520706	28.8713073589
12	1	1	5	26.0028988798	22	266.431252334	2	6	8	2.11049844441	0.41023934006	-0.00796564643309	0.0959773131485	0.0096029818058	-0.119326889515	0.0625782191753	-2.42012739182	10.8656110537
12	1	1	6	40.0776976328	42	-267.403956715	0	7	8	1.80314172108	1.17097392528	0.0271623657648	-0.0112095460884	0.207623425126	0.168892890215	2.47055511475	1.60084617138	17.3820354462
12	1	1	7	21.4148832436	32	262.281589654	1	5	8	-1.80314172108	1.17097392528	0.0496334388119	0.0834987605539	0.127164620161	-0.115784883499	-1.14098424911	1.6536308527	14.6985966092
12	1	1	8	32.8638874184	21	0	3	4	8	-2.11049844441	0.41023934006	-0.0342711951993	-0.0377152727703	-0.01527364254	-0.0629594326019	-1.94424028397	-0.236634850502	12.132329026
12	1	1	9	35.3306519991	41	0	1	6	8	-1.80314172108	1.17097392528	0.00262759653131	-0.0122712326419	-0.160652351379	-0.0378664135933	-1.4237200737	1.64312136173	13.3824543567
12	1	1	10	30.6639115854	31	0	2	7	8	2.11049844441	0.41023934006	-0.12923298418	0.0168414013236	0.105007278919	-0.143700540066	1.28319661617	-0.0357511043549	12.5822641392
12	1	1	11	39.5297301865	1	0	1	6	8	-1.80314172108	1.17097392528	-0.0934040095814	0.20550536173	0.215590062737	0.295527696609	1.53142206669	0.943724304438	13.5158341466
12	1	1	12	31.3974905413	42	-273.146181319	3	6	8	-2.11049844441	0.41023934006	-0.162769094762	0.00831613535514	-0.157471907139	0.128405869007	-0.966788959503	1.28093290329	14.4322375363
12	1	1	13	25.7314934906	22	277.117431859	3	5	8	-2.11049844441	0.41023934006	-0.11289091253	0.00173574568834	0.217789593339	-0.0497148036957	1.40325920582	0.590245611966	15.5818278504
12	1	1	14	19.4552921599	32	280	3	7	8	-2.11049844441	0.41023934006	-0.0786401027891	-0.000781817817711	0.27102452442	0.0340965688229	-1.39848275185	1.35312527418	13.1156306296
12	1	1	15	21.5641822114	41	0	3	5	8	-2.11049844441	0.41023934006	-0.00991982476393	0.0676051302252	0.152627262473	-0.148773252964	-1.39664990902	1.89322078228	14.7655093524
12	1	1	16	21.8647191962	31	0	0	4	8	1.80314172108	1.17097392528	0.0430268893745	0.00562929282908	-0.148573380709	-0.0882905721664	-1.56926341057	1.04923760891	11.3657676493
12	1	1	17	37.2973168424	21	0	0	7	8	1.80314172108	1.17097392528	0.0418687447765	0.0138051625104	0.187013122439	-0.0688261389732	1.99974374771	-0.650968790054	14.2985341756
12	1	1	18	31.4308741608	22	-269.909419716	2	7	8	2.11049844441	0.41023934006	0.0208440018348	0.052192392281	0.0942478060722	-0.0335492491722	1.77168529034	-0.731568336487	18.4815061828
12	1	1	19	23.3981139966	42	277.565504118	2	6	8	2.11049844441	0.41023934006	0.00593127478074	0.035412709802	-0.130503249168	0.157180190086	1.23339729309	0.20908254385	33.4472674463
12	1	1	20	30.7808108824	1	0	2	5	8	2.11049844441	0.41023934006	-0.0668834785587	0.141875767046	-0.249443423748	0.190069913864	1.52695994377	1.17019975185	19.0818277301
12	1	1	21	23.4147562862	32	-280	2	4	8	2.11049844441	0.41023934006	0.0440487738815	-0.0353810848052	-0.382169020176	-0.16891169548	2.49818806648	0.51339602191	15.8990700729
12	1	1	22	19.9315023039	41	0	2	6	8	2.11049844441	0.41023934006	-0.201274648708	0.00615665961525	-0.190698188543	-0.00841230154037	2.13436834812	-0.1256249547	11.3824120853
12	1	1	23	17.0321663158	21	0	2	6	8	2.11049844441	0.41023934006	0.0772527199	0.0346949787657	-0.25924397707	-0.0554590821266	2.07068722248	0.662041082978	10.3156401028
12	1	1	24	27.3081208255	31	0	1	5	8	-1.80314172108	1.17097392528	-0.00285403403907	-0.0230278195254	0.223995167017	-0.153666436672	-1.25177688599	1.81309294701	10.807520557
12	1	1	25	28.064437641	22	260.815407002	1	6	8	-1.80314172108	1.17097392528	0.124379600947	-0.0172698525688	-0.0815341889858	-0.0534930825233	0.112988206744	2.00850605965	14.4154332734
12	1	1	26	18.9651819396	1	0	0	4	8	1.80314172108	1.17097392528	-0.140979723897	-0.0455343345998	-0.225655686855	0.209020316601	2.3087223053	1.6225053072	15.1289489735
12	1	1	27	30.3307754507	42	274.127178137	1	4	8	-1.80314172108	1.17097392528	-0.0228027705894	0.0186166800059	-0.11148725152	0.120386809111	-1.8080827713	1.36175322533	17.8988403536
12	1	1	28	21.6149219017	32	260	0	6	8	1.80314172108	1.17097392528	-0.0412012945106	-0.166874271112	-0.171448212862	-0.0611963272095	2.20367078781	-0.0201441645622	24.1481081854
12	1	1	29	18.7984811099	1	0	3	7	8	-2.11049844441	0.41023934006	0.00448119405268	-0.117674712538	-0.609179806709	-0.128298163414	1.16623287201	0.453814670444	17.9866478613
12	1	1	30	30.4642049299	21	0	2	5	8	2.11049844441	0.41023934006	-0.0428965509968	-0.000320898644425	0.15276414454	-0.148231565952	2.27672522068	-0.645818471909	14.9486227948
12	1	1	31	20.0484020595	31	0	2	6	8	2.11049844441	0.41023934006	0.00823096624139	0.0697997557428	-0.184148919582	-0.069737970829	2.25354402065	1.11632072926	12.0989774388
12	1	1	32	25.7646027399	41	0	2	7	8	2.11049844441	0.41023934006	-0.0256734209419	0.0379939693209	0.228480267525	0.0117862820625	2.19873719215	1.23338848352	9.53258469623
12	1	1	33	16.7487132985	32	262.698061104	2	6	8	2.11049844441	0.41023934006	0.00820775937857	0.0686995601447	-0.184713196754	0.0966237485409	1.72955267429	0.624614521861	10.3159817667
12	1	1	34	15.0655348356	22	-269.805606032	0	4	8	1.80314172108	1.17097392528	-0.0936903970905	0.0219342373112	-0.218864810467	-0.114553272724	1.44937698841	0.0510097742081	8.03262297902
12	1	1	35	23.6983067199	42	-280	2	5	8	2.11049844441	0.41023934006	-0.0338751462931	0.0112268897537	0.209775465727	-0.0474179983139	2.23159747124	0.256815135479	17.2601083809
12	1	2	1	23.4482034531	21	0	0	5	8	1.80314172108	1.17097392528	0.00866876618614	0.00469603932699	0.154272961617	-0.233245790005	1.75230543613	0.305059686303	9.28205317817
12	1	2	2	17.9652692317	31	0	0	6	8	1.80314172108	1.17097392528	0.00987722027207	0.0781139978533	-0.165830296278	-0.020996928215	1.18048762083	1.41582304239	8.69946152851
12	1	2	3	14.4989909408	41	0	0	4	8	1.80314172108	1.17097392528	0.159603128845	0.000779609337289	-0.259808075428	-0.144327878952	2.24864618778	0.596360325813	9.04804729228
12	1	2	4	26.1904944251	32	-262.961709411	0	7	8	1.80314172108	1.17097392528	0.216758535345	-0.0021588194308	0.375812898576	0.0641342699528	2.171545434	1.09849023819	13.7824005408
12	1	2	5	16.6666004044	22	-260	0	6	8	1.80314172108	1.17097392528	0.0102602139026	0.0483976800315	-0.191690784693	0.00202777981758	1.8689715147	-0.502179384232	14.3821746252
12	1	2	6	17.7154213573	42	280	3	5	8	-2.11049844441	0.41023934006	-0.0238005945167	-0.344750387925	0.334071557224	-0.155615150928	1.410268116	-0.364048361778	18.7821433945
12	1	2	7	18.8989942613	1	0	3	5	8	-2.11049844441	0.41023934006	-0.0962410858857	-0.0294843776542	0.423427636921	0.250992923975	-1.22814495564	0.609882585704	10.1993885998
12	1	2	8	16.3820242777	41	0	1	5	8	-1.80314172108	1.17097392528	-0.0505463640614	0.013206238912	0.194186481833	-0.203190267086	-1.94928236008	1.86815345287	10.4983756187
12	1	2	9	21.8150264677	21	0	3	6	8	-2.11049844441	0.41023934006	0.0511415578881	-0.0667084463686	-0.272098851204	-0.116639494896	-2.93304653168	-0.452570557594	12.0985665138
12	1	2	10	21.9816130698	31	0	3	4	8	-2.11049844441	0.41023934006	0.00462299449431	0.0137882967209	-0.2775141716	-0.133354306221	-1.80062766075	0.520203856751	11.5159583761
12	1	2	11	24.1649134269	1	0	0	7	8	1.80314172108	1.17097392528	0.175880890782	0.00142568284203	-0.582368564606	-0.117797791958	1.89469270706	0.738486111164	18.4153387669
12	1	2	12	25.2481099029	32	-276.734818732	1	6	8	-1.80314172108	1.17097392528	-0.0877902081111	-0.0157521608173	-0.011217546463	-0.0344949960709	-2.87967486382	1.20239830017	13.2657905036
12	1	2	13	18.8984368905	22	-269.269699945	1	5	8	-1.80314172108	1.17097392528	0.0759339999302	0.0257957749869	0.381908538938	-0.0693718791008	-1.55412406921	-0.0377027392387	18.5317945905
12	1	2	14	20.717583664	42	260	1	7	8	-1.80314172108	1.17097392528	0.113337211693	-0.0253256479343	0.3065279142	0.0711207389832	-1.03508121967	1.1298199296	11.2994391261
12	1	2	15	21.5482675492	31	0	0	7	8	1.80314172108	1.17097392528	-0.0205257726702	-0.16591485469	0.291642959416	-0.0326602458954	2.04186575413	0.822169959545	11.1327146127
12	1	2	16	22.5819818504	21	0	0	7	8	1.80314172108	1.17097392528	0.0625381928087	0.0511833100938	0.211129839718	-0.083111166954	2.17517309189	0.537305150181	10.582406467
12	1	2	17	15.6653424004	41	0	2	6	8	2.11049844441	0.41023934006	-0.00810066390355	0.0281430545605	-0.190809887648	0.00588512420654	1.68978302479	0.0188350975513	10.6870084916
12	1	2	18	21.298559774	32	-280	0	5	8	1.80314172108	1.17097392528	0.000444891011363	-0.0476764440821	0.187080080807	-0.0829818844795	2.22723369598	0.426785722375	16.6989084035
12	1	2	19	17.5818327021	1	0	0	6	8	1.80314172108	1.17097392528	0.0099275723179	-0.101985728185	0.778755116463	-0.19521945715	2.34104948044	0.822264939547	12.4992260966
12	1	2	20	13.365807947	42	260	2	6	8	2.11049844441	0.41023934006	-0.00187401304472	0.00283440149113	-0.166146171093	-0.0573173761368	1.13553886414	-0.193882286549	17.2822073235
12	1	2	21	13.532113268	22	-266.084937831	3	7	8	-2.11049844441	0.41023934006	-0.00960266401345	0.00672155936041	0.244001603872	-0.0680603384972	-1.94307131767	0.0599628090858	11.0662554643
12	1	2	22	13.9820695974	31	0	1	5	8	-1.80314172108	1.17097392528	0.0209946180603	-0.0495935713804	0.225605408847	-0.144413471222	1.47403161526	0.342014089227	11.366292017
12	1	2	23	21.0523429203	21	0	1	4	8	-1.80314172108	1.17097392528	-0.152010792506	0.148648812317	-0.181979876757	-0.139152348042	-2.43489332199	0.146061301231	8.4331070099
12	1	2	24	13.0320734211	41	0	3	7	8	-2.11049844441	0.41023934006	0.0108446673113	0.0359322783537	0.146240341663	-0.101362407207	1.60346608162	0.394414164126	15.9429684009
12	1	2	25	13.9074623104	22	-280	0	4	8	1.80314172108	1.17097392528	-0.125743367791	-0.0650983273638	-0.122030985355	-0.0874376296997	0.810026752949	1.22847563028	13.898721483
12	1	2	26	14.3655433923	1	0	2	6	8	2.11049844441	0.41023934006	-0.0185831980583	-0.0316974541025	0.658422130346	-0.443699240685	2.07195346355	-0.691641330719	16.0490592789
12	1	2	27	22.7315438794	32	273.457035351	2	4	8	2.11049844441	0.41023934006	0.00550170573878	-0.0438572991403	-0.0825054466724	-0.058590054512	2.40959196091	0.672311201692	16.1822422259
12	1	2	28	14.5323038253	42	272.826917253	0	4	8	1.80314172108	1.17097392528	-0.00778703835559	-0.0112024663469	-0.164994937181	0.036756336689	1.57412307262	-0.101301968098	13.5491564492
12	1	2	29	17.9491367895	41	0	0	6	8	1.80314172108	1.17097392528	-0.000284573859434	0.241721063366	-0.248351049423	-0.057817697525	2.45251898766	0.443527124822	15.6987860312
12	1	2	30	20.648345729	1	0	1	4	8	-1.80314172108	1.17097392528	0.00289456253729	-0.0171981991948	-0.392431688309	0.201813787222	1.42424337864	0.438992619514	19.598718852
12	1	2	31	14.5490469518	31	0	2	6	8	2.11049844441	0.41023934006	-0.0236897731773	-0.0118657454749	-0.199786585569	-0.0497885942459	2.76016931534	1.1237295866	10.1483176287
12	1	2	32	11.8491413693	21	0	2	6	8	2.11049844441	0.41023934006	-0.0963772576023	0.00988372749368	-0.285020124912	-0.0774185061455	1.25186281204	0.617642357945	8.73256728282
12	1	2	33	16.698922745	42	273.667637525	0	6	8	1.80314172108	1.17097392528	0.00200444964965	-0.128452866931	-0.0976769447327	0.0342252254486	1.9797170639	-0.188717067242	13.0824606623
12	1	2	34	11.6991532082	22	269.531473518	2	6	8	2.11049844441	0.41023934006	0.0298173227797	-0.118323255377	-0.182950508595	-0.0296035408974	2.0710711956	-0.368390619755	8.93020389672
12	1	2	35	17.9648635988	32	-280	3	6	8	-2.11049844441	0.41023934006	0.0592010901438	-0.0596272152551	-0.187346947193	-0.0806533098221	-2.29536123276	0.617807030678	8.64537797624
