10	2	1	20.0661909013	4	2	4	8	2.11049844441	0.41023934006	0.0813007626905	0.0417010877496	-0.134203210473	0.00626331567764	4.05836391449	1.85541832447	11.9064268797	7	4.06404942923	1
10	2	2	28.8263994059	2	0	5	8	1.80314172108	1.17097392528	-0.0187207516101	-0.174942008262	0.18123909831	-0.0793593525887	2.50524377823	2.31334733963	10.2264678556	6	3.29320541591	1
10	2	3	26.5861298773	3	0	4	8	1.80314172108	1.17097392528	0.15781820677	-0.0337027370667	-0.207481399179	-0.0363554954529	2.23539113998	2.02688622475	18.4264541305	7	2.85313789297	1
10	2	4	25.8928495597	1	1	7	8	-1.80314172108	1.17097392528	-0.0391663607093	-0.0198901970883	-0.491396039724	-0.442876935005	-2.63243222237	1.15012556314	13.2798034726	5	5.5329074633	1
10	2	5	22.0259516383	2	1	7	8	-1.80314172108	1.17097392528	-0.00199410204706	0.142690431453	0.17616982758	-0.196997225285	-2.13886642456	1.94130694866	15.3732167597	6	3.46658224344	1
10	2	6	26.2930652319	3	3	5	8	-2.11049844441	0.41023934006	0.0346659147326	-0.0642755337816	0.180729702115	-0.185563325882	-2.56845164299	0.906545653939	10.8670835626	9	2.73292981063	1
10	2	7	25.4659484827	4	1	6	8	-1.80314172108	1.17097392528	-0.133761656134	-0.0400031890604	-0.285418450832	-0.0285272598267	-2.08369350433	1.67286044359	15.7197545665	10	4.30625983194	1
10	2	8	30.439877776	1	2	7	8	2.11049844441	0.41023934006	0.0764842026199	0.0377541045366	-0.568583250046	-0.916937947273	3.52880430222	1.09698554873	18.1996900702	8	2.66652863332	1
10	2	9	18.1993484083	1	1	4	8	-1.80314172108	1.17097392528	-0.00266081920767	0.0611881138558	0.0529401116073	0.226825654507	-2.316842556	0.519071161747	10.6532090994	6	2.69323603351	1
10	2	10	19.1865523649	3	1	4	8	-1.80314172108	1.17097392528	0.00662859759845	0.0258098143635	-0.324464350939	-0.0720950365067	-2.25604319572	1.008446455	7.21300549826	9	4.1731383974	1
10	2	11	18.3463014296	4	3	6	8	-2.11049844441	0.41023934006	0.00644784069322	-0.00511223051501	-0.265672087669	0.0870299935341	-2.09792375565	1.70748752356	6.37869918623	10	2.92784951862	1
10	2	12	15.7331248365	2	0	6	8	1.80314172108	1.17097392528	0.0115111201831	0.0288700692693	-0.286557257175	-0.0268419384956	1.89436483383	1.73611539602	14.6003045923	7	2.73300576807	1
10	2	13	21.6258450632	4	2	5	8	2.11049844441	0.41023934006	-0.0154144799209	-0.0662929481375	0.342674314976	-0.207468271255	2.79598689079	0.110673546791	7.29310159763	9	2.37315810528	1
10	2	14	22.6795126641	3	0	6	8	1.80314172108	1.17097392528	4.04160653557e-05	0.036247683804	0.068570047617	-0.152413070202	2.85306549072	1.65435189009	14.6529683231	7	6.57327723236	1
10	2	15	36.1329498704	1	3	6	8	-2.11049844441	0.41023934006	-0.0813972683886	-0.000329883970942	0.725984096527	-0.392122030258	3.45177745819	1.46532744169	18.2396624557	6	3.58655629473	1
10	2	16	18.5995758114	2	3	7	8	-2.11049844441	0.41023934006	0.0615507333628	-1.48595712127e-06	0.263494431973	-0.113159239292	-2.19378685951	0.97733053565	14.3464715274	4	4.03986035561	1
10	2	17	16.3467416309	2	2	4	8	2.11049844441	0.41023934006	-0.0273803760391	-0.0505832786427	-0.159807965159	-0.0797862410545	1.59101724625	0.611202090979	11.7062960217	6	3.23985396228	1
10	2	18	18.5465531157	3	2	7	8	2.11049844441	0.41023934006	0.0821148431306	0.0411620154791	0.266485631466	-0.000671684741974	2.76433849335	1.61220908165	6.11997258493	8	1.99955129386	1
10	2	19	20.9728670622	1	0	6	8	1.80314172108	1.17097392528	0.00507032578003	-0.142558525522	0.707162022591	-0.682859182358	2.54051733017	1.35632628202	11.9567054294	7	2.05311038406	1
10	2	20	22.2662604654	4	0	7	8	1.80314172108	1.17097392528	0.0456328891018	-0.0121319086662	0.407754808664	-0.0664452910423	3.27415370941	0.498414516449	9.58725457534	9	2.22546955778	1
10	2	21	21.053102759	4	0	5	8	1.80314172108	1.17097392528	0.0177652347367	0.0228110208453	0.418780863285	-0.14525604248	3.71332025528	0.775637350976	8.82694782457	10	3.47983080552	1
10	2	22	23.4798375508	2	1	4	8	-1.80314172108	1.17097392528	-0.036056083473	-0.00986821963213	-0.134525060654	0.0385918021202	-1.93293869495	0.921963259578	14.0933440749	5	2.46639044356	1
10	2	23	20.7329066421	3	3	4	8	-2.11049844441	0.41023934006	0.214795251107	-0.0115972566648	-0.358458280563	-0.137768030167	-2.60746121407	0.918427720666	7.4663209381	10	4.25314915461	1
10	2	24	16.0265238119	1	3	7	8	-2.11049844441	0.41023934006	-0.0293245995521	0.0270280103452	-0.859604597092	-0.459015607834	-2.70656275749	0.0119563341141	9.0933525798	8	6.59993389649	1
10	2	25	28.6532360804	1	2	5	8	2.11049844441	0.41023934006	-0.0524230217846	-0.0180013621665	0.10825189203	0.177406847477	2.76480937004	0.950733497739	9.42655354971	6	1.97319406042	1
10	2	26	20.732644457	2	2	5	8	2.11049844441	0.41023934006	-0.0242924521806	-0.0213929722651	0.0186464693397	-0.0885649323463	0.691574573517	2.22023379803	12.7733039788	4	2.95976103025	1
10	2	27	19.1599704851	3	2	4	8	2.11049844441	0.41023934006	-0.164669540758	0.0639485610512	-0.166765004396	-0.0947967171669	2.89093923569	1.04392936826	10.4529371776	9	3.30653961342	1
10	2	28	17.7732250886	4	1	7	8	-1.80314172108	1.17097392528	-0.141545975303	-0.0226273556891	0.274724543095	-0.0104449987411	-1.86175334454	1.13070723414	8.54678450726	9	4.0798831839	1
10	2	29	22.4659147564	3	1	6	8	-1.80314172108	1.17097392528	0.0383291813401	0.00102505219482	-0.23489934206	0.0994388461113	-2.25964283943	0.835983127356	5.90659023217	10	2.01343039072	1
10	2	30	22.8262319476	2	3	4	8	-2.11049844441	0.41023934006	-0.0506002057616	0.0284144156831	-0.203025206923	0.00686407089233	-1.74101829529	0.709778986871	6.70659662549	7	2.81295200545	1
10	2	31	19.7330699946	1	3	5	8	-2.11049844441	0.41023934006	0.146107170273	-0.063125497433	-0.0940404310822	0.688951741904	-0.00208105915226	0.445652037859	15.6400857645	3	3.19998627487	1
10	2	32	16.6398743154	4	3	5	8	-2.11049844441	0.41023934006	0.00886984574202	-0.0140226578823	0.263732939959	-0.181421875954	-1.1324082613	0.494715303183	11.7466895458	9	4.27954949903	1
10	2	33	19.5989567142	1	0	7	8	1.80314172108	1.17097392528	0.0159590797808	-0.0469424190574	0.213191226125	0.321806669235	2.61850643158	0.866241082549	8.3999332513	9	3.82647155086	1
10	2	34	20.4933597356	3	3	7	8	-2.11049844441	0.41023934006	-0.078925230185	0.0103575588011	0.348490417004	-0.102658510208	-2.81179499626	0.474727451801	9.10651140066	10	2.07986529431	1
10	2	35	16.2532192466	2	0	4	8	1.80314172108	1.17097392528	0.0558932255651	-0.0369645078405	-0.302810817957	-0.183878064156	-0.69425547123	2.10726773739	18.9872673033	2	4.90595324541	1
10	2	36	16.0396430411	4	3	7	8	-2.11049844441	0.41023934006	-0.0410930603545	-0.0935943037446	0.180820420384	-0.0318573713303	-2.39255595207	0.965167135	8.7332535829	9	3.13302905387	1
10	2	37	16.95926804	4	0	4	8	1.80314172108	1.17097392528	0.155740414774	0.0228332829587	-0.281944572926	-0.199353575706	3.66524004936	0.30433177948	11.0531922069	9	3.82642110808	1
10	2	38	19.5329479348	3	0	5	8	1.80314172108	1.17097392528	0.0401087827433	-0.0201238938391	0.335194528103	-0.109899103642	3.09910607338	2.03377616405	9.65339092804	10	3.71996689546	1
10	2	39	13.8663544884	1	0	4	8	1.80314172108	1.17097392528	-0.036618968426	0.0433602766889	0.460800349712	-0.340487718582	2.93403625488	1.95068275928	8.41319442408	8	2.98654204171	1
10	2	40	20.9196255855	2	3	6	8	-2.11049844441	0.41023934006	0.0297394357739	0.225085169548	-0.235571876168	-0.0142762064934	0.335045367479	2.22560191154	16.399778697	6	3.26627160975	1
10	2	1	19.7063770883	1	3	6	8	-2.11049844441	0.41023934006	-0.0153760130946	-0.0558967035511	0.987858653069	-0.211570322514	-2.59714984894	0.418658703566	13.9462760849	9	3.30341121214	2
10	2	2	15.3066392749	2	1	5	8	-1.80314172108	1.17097392528	0.0507542797451	-0.0737062049068	-0.00147896877024	-0.134196817875	-1.74449956417	0.00062483549118	9.98683201434	7	2.13328523646	2
10	2	3	16.1194749816	3	3	7	8	-2.11049844441	0.41023934006	-0.119499644888	0.04287939113	0.133319184184	-0.0221882462502	-1.87301707268	0.559508159757	14.586743739	10	2.43971188799	2
10	2	4	23.6662159051	4	2	4	8	2.11049844441	0.41023934006	-0.0359758668008	-0.0991116563578	-0.0367236174643	0.0158342719078	2.71772503853	0.637593984604	18.4665566891	2	3.61327737673	2
10	2	5	14.2529018692	4	0	6	8	1.80314172108	1.17097392528	0.0490224790377	0.023713587945	-0.109348893166	0.0523094534874	3.52305579185	1.02204975486	9.53326470731	9	3.493182708	2
10	2	6	25.8128735389	3	0	5	8	1.80314172108	1.17097392528	-0.0262311525561	-0.0193509206406	0.0324255973101	-0.208596110344	3.32446241379	1.9801363945	20.4262998987	8	3.38665634344	2
10	2	7	18.1064301708	2	3	5	8	-2.11049844441	0.41023934006	-0.109899831982	-0.0843257227085	0.126582279801	-0.140830874443	-2.8547270298	-0.520041823387	22.6132527417	6	4.11964977264	2
10	2	8	25.3464881217	1	1	4	8	-1.80314172108	1.17097392528	-0.071821067211	-0.0585067549366	0.935013175011	0.015901684761	-2.26657104492	0.211239874363	9.00008504935	9	2.45328869709	2
10	2	9	20.9462696328	3	2	7	8	2.11049844441	0.41023934006	0.048286552278	0.0896603705617	0.245650202036	0.0453977584839	2.73517251015	1.11246559024	9.16016083125	9	3.30644630087	2
10	2	10	18.7998859166	1	0	7	8	1.80314172108	1.17097392528	0.00313952025308	-0.0979968924623	-0.863239169121	0.199883937836	2.74707221985	1.2930611372	12.0800425833	10	3.01300697845	2
10	2	11	18.3599446886	4	2	5	8	2.11049844441	0.41023934006	0.0180342927506	0.0568472381231	0.282877653837	-0.165518403053	3.38620638847	0.586560487747	8.91954829997	8	3.37321150747	2
10	2	12	15.5063744488	2	0	4	8	1.80314172108	1.17097392528	0.0875478183211	-0.0693038624989	-0.168333157897	-0.0400174260139	0.491607785225	1.75040459633	22.3064756282	6	3.82661516782	2
10	2	13	16.2395590924	2	1	7	8	-1.80314172108	1.17097392528	-0.096971879053	0.0477885363993	0.14365041256	0.0156956911087	-1.71258246899	-1.1483168602	27.4262089839	7	2.14651803559	2
10	2	14	17.7865032546	3	2	4	8	2.11049844441	0.41023934006	-0.0274065329766	0.0611530949801	-0.205466330051	-0.0405251383781	2.59684514999	1.5216485858	9.03984620731	9	2.12051991548	2
10	2	15	21.6792865239	4	3	6	8	-2.11049844441	0.41023934006	-0.0933901976718	0.0343425623612	-0.240152239799	0.0138496160507	-2.14293718338	0.68076685071	26.5993392545	8	3.08024112957	2
10	2	16	17.1463766777	1	1	5	8	-1.80314172108	1.17097392528	0.00797980511386	0.0543823139322	-0.424485117197	-0.396767139435	-2.35044169426	0.580415323377	12.0000777175	9	4.7196579843	2
10	2	17	18.5734358618	4	3	4	8	-2.11049844441	0.41023934006	0.000610985786972	0.00616717588529	-0.102214969695	-0.0184018015862	-2.45719313622	0.813158087432	11.6936331763	7	2.82626235965	2
10	2	18	22.4529089077	2	3	6	8	-2.11049844441	0.41023934006	0.0717186562282	0.0518908748094	-0.177674904466	0.00218051671982	-1.86010444164	0.170887351036	9.57320916128	6	2.51991577182	2
10	2	19	18.7194459475	3	0	7	8	1.80314172108	1.17097392528	0.00570491596939	0.156948720669	0.247887149453	0.0822117328644	3.3854777813	2.01119327545	8.8666707725	10	2.37320710837	2
10	2	20	19.9735502385	1	1	6	8	-1.80314172108	1.17097392528	0.0664896065883	-0.0285337204677	0.0627303272486	-0.699113488197	-2.24393320084	-0.128146529198	9.22614241074	7	2.06665698864	2
10	2	21	13.919824857	3	1	7	8	-1.80314172108	1.17097392528	0.0228304709945	-0.0925771611064	0.260624557734	0.00732606649399	-2.19488239288	1.29709362984	7.74684591551	10	2.29322933851	2
10	2	22	25.946129448	2	2	5	8	2.11049844441	0.41023934006	0.00701400228651	-0.0335861424887	0.132595285773	-0.0903235077858	2.09148931503	0.854427970946	17.9597130024	5	5.49295190166	2
10	2	23	19.1863695218	1	2	7	8	2.11049844441	0.41023934006	-0.0425293082922	-0.0300001470303	-0.133126139641	0.564289867878	1.67451238632	0.538977071643	8.85318106567	7	2.05342682896	2
10	2	24	16.1326983959	4	1	7	8	-1.80314172108	1.17097392528	0.0298808592576	0.0264025332406	0.139149516821	-0.0260933041573	-2.08328056335	1.14507633448	7.1600813541	9	2.23965293999	2
10	2	25	14.9328673215	4	2	6	8	2.11049844441	0.41023934006	-0.0316909415466	-0.0180162915594	-0.175593465567	0.0141328573227	3.2104871273	0.337296456099	10.0001187758	10	2.89304135011	2
10	2	26	17.0665493572	3	2	6	8	2.11049844441	0.41023934006	-0.0845092905069	-0.0376016125542	-0.10843411088	-0.0258984565735	2.30259776115	1.34452414513	10.6401289231	8	2.14601301842	2
10	2	27	12.5597033244	1	0	6	8	1.80314172108	1.17097392528	0.0491011162931	-0.0376097995122	0.143345087767	0.284816175699	1.60846662521	1.02584159374	8.20020558481	9	2.00007478477	2
10	2	28	15.0930237537	2	2	4	8	2.11049844441	0.41023934006	0.0860126296425	0.0434464968783	-0.164568349719	-0.132066071033	2.53868246078	0.814757198095	15.1600966043	6	4.0132832422	2
10	2	29	23.2528253248	4	1	4	8	-1.80314172108	1.17097392528	-0.00428618512756	-0.0524082084334	-0.228893965483	-0.0412271022797	-2.02226543427	1.04992476106	18.1864756869	7	4.22633655788	2
10	2	30	17.9730971308	2	0	5	8	1.80314172108	1.17097392528	-0.0877680856273	0.117540546711	0.244677677751	-0.132457971573	2.11603236198	0.886997237802	8.29342905784	4	3.11994011353	2
10	2	31	14.7730370097	1	2	4	8	2.11049844441	0.41023934006	0.0992448589881	0.00516605074244	0.905846655369	-0.282760262489	1.38301444054	-0.0625667572021	15.9865871309	7	3.33323068756	2
10	2	32	21.3063122748	3	1	6	8	-1.80314172108	1.17097392528	-0.00309695413394	-0.0327302780113	-0.176879689097	0.0256330966949	-2.54505681992	0.629386104643	9.42678262706	10	2.51943275016	2
10	2	33	15.8797862622	3	3	5	8	-2.11049844441	0.41023934006	-0.0758063105713	0.057462524233	0.199369311333	-0.191812932491	-2.49686169624	0.490549206734	9.46677371154	9	2.14667112443	2
10	2	34	17.8662355544	1	3	5	8	-2.11049844441	0.41023934006	-0.0315670742505	0.00605729035613	-0.388729959726	-0.444748878479	-2.3574192524	0.212554097176	10.1332488705	10	1.9463356194	2
10	2	35	24.3332289279	4	0	7	8	1.80314172108	1.17097392528	0.0386226624748	-0.0776947571607	0.309863597155	-0.072086751461	2.5123603344	0.362232297659	6.78651703846	7	2.37305607245	2
10	2	36	21.8531218244	2	2	7	8	2.11049844441	0.41023934006	-0.132642815279	0.0025418467978	0.213182643056	0.0711607336998	1.90628302097	1.64195281267	8.8935240785	6	1.87958126392	2
10	2	37	19.8260116107	4	1	5	8	-1.80314172108	1.17097392528	0.329273056194	-0.0240219195748	0.122592076659	-0.0716916918755	-2.12062048912	1.61374759674	7.68014317618	10	2.65291301358	2
10	2	38	18.2531640558	1	2	6	8	2.11049844441	0.41023934006	-0.00260336684017	-0.159564048855	0.912323057652	-0.242025613785	2.57895445824	0.51643653214	10.2263650054	8	2.63985823153	2
10	2	39	21.1864759802	2	1	6	8	-1.80314172108	1.17097392528	0.0728496680505	-0.00907275501194	-0.0487603582442	0.100280165672	-1.88759088516	1.20485517383	13.1200612355	6	3.99991143137	2
10	2	40	20.892652176	3	1	4	8	-1.80314172108	1.17097392528	0.0400196979817	-0.117106375113	-0.218460932374	-0.0280722975731	-2.39015126228	0.695653904229	4.82659287902	9	3.26651739039	2
