6	1	1	21.465037045	3	2	1	7	8	-1.80314172108	1.17097392528	0.0730039213634	-0.0346834739714	0.5	0.5	-1.45072388649	1.13385343552	6.29864399482
6	1	2	26.5311939051	1	2	0	5	8	1.80314172108	1.17097392528	-0.0368485650795	-0.0282906118385	-1.45072388649	1.13385343552	-0.086749792099	1.39343637228	9.53308442424
6	1	3	18.9156717845	2	2	3	5	8	-2.11049844441	0.41023934006	0.148779559722	0.0061565324962	-0.086749792099	1.39343637228	-1.5207195282	1.01768541336	5.86781147546
6	1	4	20.5318437924	4	2	0	6	8	1.80314172108	1.17097392528	-0.023339134842	0.00768219372181	-1.5207195282	1.01768541336	1.32468259335	1.44693082571	5.76701149426
6	1	5	15.3320959889	1	2	3	5	8	-2.11049844441	0.41023934006	-0.0985852062327	-0.100562421226	1.32468259335	1.44693082571	-1.60885190964	1.06380742788	8.9664709193
6	1	6	12.5822461736	2	2	3	7	8	-2.11049844441	0.41023934006	-0.0204921315076	0.106743243331	-1.60885190964	1.06380742788	-1.39790797234	0.540022917092	4.18308037604
6	1	7	13.3321409681	4	2	1	5	8	-1.80314172108	1.17097392528	0.0265934937355	0.0506776391037	-1.39790797234	0.540022917092	-1.5810585022	0.956177085638	4.83297905438
6	1	8	23.3586854838	3	2	0	7	8	1.80314172108	1.17097392528	-0.150474275383	0.04636217505	-1.5810585022	0.956177085638	2.15959370136	-0.56277513504	4.43121964706
6	1	9	17.732318856	4	2	2	4	8	2.11049844441	0.91023934006	0.0190971366015	0.0400293732593	2.15959370136	-0.56277513504	1.36824470758	1.39524155855	4.76680174323
6	1	10	23.0818508179	1	2	1	6	8	-1.80314172108	1.17097392528	-0.135758578695	0.0449559632395	1.36824470758	1.39524155855	1.28151857853	1.31326746941	10.6170226615
6	1	11	20.2620094648	3	2	1	4	8	-1.80314172108	1.17097392528	0.208328934499	0.01755661176	1.28151857853	1.31326746941	-1.33173441887	-0.924691796303	3.81695009506
6	1	12	15.4496212131	2	2	1	7	8	-1.80314172108	1.17097392528	-0.0854431133265	-0.0175601327382	-1.33173441887	-0.924691796303	-1.50106692314	1.14568048716	4.04968295275
6	1	13	17.2230743408	4	2	2	5	8	2.11049844441	0.91023934006	-0.012195616632	0.00868831619816	-1.50106692314	1.14568048716	1.71624910831	1.10686248541	3.55018549187
6	1	14	22.4153788465	3	2	2	5	8	2.11049844441	0.91023934006	0.00809076167091	-0.0285041453865	1.71624910831	1.10686248541	1.24832344055	1.44357228279	4.55351167632
6	1	15	13.9740797037	1	2	0	6	8	1.80314172108	1.17097392528	-0.0970517363668	0.0503696920063	1.24832344055	1.44357228279	1.78157782555	1.41303300858	9.40066950689
6	1	16	22.3847352099	2	2	2	7	8	2.11049844441	0.91023934006	0.0537481021205	0.0256502279826	1.78157782555	1.41303300858	1.09009516239	1.37179762125	9.28279636908
6	1	17	16.0823019575	4	2	1	7	8	-1.80314172108	1.17097392528	0.0310597099671	-0.0116598074133	1.09009516239	1.37179762125	-1.00352942944	2.07161855698	5.69966117204
6	1	18	13.4491563553	1	2	0	4	8	1.80314172108	1.17097392528	-0.0570520464044	-0.00203418357762	-1.00352942944	2.07161855698	1.72844302654	1.25929939747	6.43320107999
6	1	19	17.0989246421	3	2	3	6	8	-2.11049844441	0.41023934006	-0.0728726367343	0.0992944894769	1.72844302654	1.25929939747	-1.67457914352	-0.313188910484	3.94998124819
6	1	20	21.7485996069	2	2	0	4	8	1.80314172108	1.17097392528	-0.0346224549083	-0.0172819531785	-1.67457914352	-0.313188910484	1.30251222849	1.10102921724	6.04942752919
6	1	21	15.4494060922	1	2	1	7	8	-1.80314172108	1.17097392528	0.0159391894346	-0.131933668922	1.30251222849	1.10102921724	-1.5334649086	1.21350109577	8.59938131961
6	1	22	15.9485249976	2	2	0	5	8	1.80314172108	1.17097392528	0.0646518015877	-0.00182688529609	-1.5334649086	1.21350109577	-0.961734175682	1.01944023371	6.26433844613
6	1	23	10.0827950979	4	2	1	5	8	-1.80314172108	1.17097392528	0.000858764307683	-0.0459359668948	-0.961734175682	1.01944023371	-1.17398929596	1.55791068077	4.68296178695
6	1	24	16.0989645033	3	2	1	7	8	-1.80314172108	1.17097392528	-0.03678401538	0.0237463503797	-1.17398929596	1.55791068077	-1.41585028172	0.803077995777	4.16663831187
6	1	25	13.2329966365	1	2	2	4	8	2.11049844441	0.91023934006	-0.0333026372556	0.0360062083921	-1.41585028172	0.803077995777	1.86638534069	1.41036510468	7.83423459556
6	1	26	17.4320748918	4	2	3	6	8	-2.11049844441	0.41023934006	-0.0224545764452	-0.0364455365049	1.86638534069	1.41036510468	-1.4984164238	0.352504104376	5.69979289711
6	1	27	12.4628614078	3	2	0	4	8	1.80314172108	1.17097392528	0.0127572776808	0.177584337233	-1.4984164238	0.352504104376	1.43233007193	1.19807672501	7.90063085454
6	1	28	13.6155576362	2	2	2	6	8	2.11049844441	0.91023934006	0.00691856283905	-0.130935113412	1.43233007193	1.19807672501	1.99105536938	-0.376188457012	6.48441895213
6	1	29	18.6820196406	2	2	1	6	8	-1.80314172108	1.17097392528	0.0144821238183	0.0105091154123	1.99105536938	-0.376188457012	-0.785104513168	1.33469444513	4.81635150747
6	1	30	18.9651186084	4	2	3	4	8	-2.11049844441	0.41023934006	-0.178502148015	-0.0214003910061	-0.785104513168	1.33469444513	-1.69867682457	0.449795287102	7.38279437934
6	1	31	15.7155363511	3	2	2	6	8	2.11049844441	0.91023934006	0.0236332802516	0.0118142938407	-1.69867682457	0.449795287102	2.11149060726	1.23774796724	6.60005598155
6	1	32	14.6797645919	1	2	1	7	8	-1.80314172108	1.17097392528	0.00874736122108	-0.125754337331	2.11149060726	1.23774796724	-1.31855642796	0.831484347582	7.20010442037
6	1	33	16.7490318266	1	2	2	7	8	2.11049844441	0.91023934006	-0.00126945116312	0.027477476521	-1.31855642796	0.831484347582	1.57334554195	1.39893519878	8.84632489232
6	1	34	15.0990545584	2	2	1	4	8	-1.80314172108	1.17097392528	0.0042905838195	0.0219546975393	1.57334554195	1.39893519878	0.849010169506	1.47186595201	6.53365330548
6	1	35	15.5660852196	3	2	0	5	8	1.80314172108	1.17097392528	0.000366841790427	0.0796029074937	0.849010169506	1.47186595201	1.4421249032	1.63861906528	4.46844280098
6	1	36	17.3331753268	4	2	0	7	8	1.80314172108	1.17097392528	-0.00926426591804	-0.0239556540654	1.4421249032	1.63861906528	1.51313233376	0.984692245722	4.7349574235
6	1	37	13.7324170472	3	2	3	5	8	-2.11049844441	0.41023934006	0.0303895951924	-0.120626947525	1.51313233376	0.984692245722	-1.66840338707	0.720092475414	5.84982087097
6	1	38	10.7326879005	1	2	3	5	8	-2.11049844441	0.41023934006	0.114974901206	0.0165730789161	-1.66840338707	0.720092475414	-1.72359776497	0.416288137436	7.06667816719
6	1	39	21.1150711379	2	2	0	5	8	1.80314172108	1.17097392528	0.00558505971977	-0.0445258953651	-1.72359776497	0.416288137436	-1.40457475185	0.965984493494	8.56616290882
6	1	40	16.5991780388	4	2	0	7	8	1.80314172108	1.17097392528	-0.00633109745547	0.0793876581412	-1.40457475185	0.965984493494	1.9571647644	0.962874263525	3.83384910314
