10	1	1	13.1325885837	1	6	0	4	8	1.80314172108	1.17097392528	-0.185196041204	0.0271292649298	0.5	0.5	1.79208898544	1.16377818584	15.587282134
10	1	2	15.0984674026	3	6	3	7	8	-2.11049844441	0.41023934006	0.0123896975735	-0.078130115844	1.79208898544	1.16377818584	-1.79251050949	1.33776861429	9.98526500634
10	1	3	16.915538051	4	6	3	7	8	-2.11049844441	0.41023934006	-0.0294585978129	-0.0740426712544	-1.79251050949	1.33776861429	-1.29255068302	1.78824806213	9.05064859405
10	1	4	19.8812850049	2	6	3	4	8	-2.11049844441	0.41023934006	0.0162440429065	-0.0851650900523	-1.29255068302	1.78824806213	-2.4619102478	-0.75823700428	10.0158612031
10	1	5	14.4990778393	2	6	3	7	8	-2.11049844441	0.41023934006	-0.00140496962438	0.0683805889128	-2.4619102478	-0.75823700428	-1.56715631485	0.945249170065	8.81628403935
10	1	6	16.6479265413	3	6	0	4	8	1.80314172108	1.17097392528	0.0210514654581	0.078930669212	-1.56715631485	0.945249170065	2.10704338551	1.19361042976	8.39407182989
10	1	7	20.4459314632	1	6	2	5	8	2.11049844441	0.91023934006	-0.00978612769224	0.128561595914	2.10704338551	1.19361042976	1.82332575321	1.50239062309	14.0664495811
10	1	8	21.3486978905	4	6	3	6	8	-2.11049844441	0.41023934006	-0.0836940096755	-0.00445306183886	1.82332575321	1.50239062309	-1.54671406746	1.01920539141	11.1682343159
10	1	9	13.5658194175	4	6	0	4	8	1.80314172108	1.17097392528	0.0319037162826	0.00663348596093	-1.54671406746	1.01920539141	2.10198259354	0.56770888716	8.3336142996
10	1	10	17.9152913113	3	6	0	5	8	1.80314172108	1.17097392528	0.0630670916744	0.0336552849993	2.10198259354	0.56770888716	2.01978039742	1.18681359291	10.4501739716
10	1	11	19.4319418296	1	6	0	5	8	1.80314172108	1.17097392528	0.0344103128149	0.0839183589604	2.01978039742	1.18681359291	1.88123488426	1.15558683872	14.0000020638
10	1	12	24.8315859866	2	6	2	5	8	2.11049844441	0.91023934006	-0.0167310465979	0.0902618152905	1.88123488426	1.15558683872	1.61963748932	2.28594362736	12.3339140037
10	1	13	15.0014664912	1	6	2	6	8	2.11049844441	0.91023934006	-0.0555242196455	0.0728197227211	1.61963748932	2.28594362736	2.04806792736	1.29307025671	10.9243210211
10	1	14	23.2295651175	4	6	0	7	8	1.80314172108	1.17097392528	0.027297869162	0.0361472303558	2.04806792736	1.29307025671	2.08742499352	0.633281305432	8.32521408156
10	1	15	20.3483283108	2	6	0	5	8	1.80314172108	1.17097392528	-0.0461245378969	0.131541173696	2.08742499352	0.633281305432	2.91567397118	0.524891236797	11.5325687113
10	1	16	14.2987812194	3	6	3	7	8	-2.11049844441	0.41023934006	0.0234037936609	0.00459779327061	2.91567397118	0.524891236797	1.96738505363	1.15875083208	15.3476036798
10	1	17	11.0326704712	3	6	2	6	8	2.11049844441	0.91023934006	-0.031764285429	0.0338459037997	1.96738505363	1.15875083208	1.91575241089	1.11885005236	11.0835749307
10	1	18	14.765470236	4	6	1	5	8	-1.80314172108	1.17097392528	0.117870788626	0.00090026640571	1.91575241089	1.11885005236	-1.17840969563	1.78640222549	10.7666713133
10	1	19	23.4977816238	1	6	1	7	8	-1.80314172108	1.17097392528	0.0960042010947	-0.0440305631429	-1.17840969563	1.78640222549	-1.56463479996	1.33538687229	13.9143383383
10	1	20	22.8856146696	2	6	3	4	8	-2.11049844441	0.41023934006	0.002020415213	-0.0218470211815	-1.56463479996	1.33538687229	-2.44175624847	-0.344386458397	7.1230566415
10	1	21	19.3942558435	1	6	3	6	8	-2.11049844441	0.41023934006	0.0882466185227	0.121198588249	-2.44175624847	-0.344386458397	-1.35346662998	0.986421585083	19.7781378201
10	1	22	19.4987309788	3	6	3	5	8	-2.11049844441	0.41023934006	0.00869493267336	0.106309662463	-1.35346662998	0.986421585083	-1.35183691978	0.771918207407	26.6990128775
10	1	23	14.5657956194	4	6	0	4	8	1.80314172108	1.17097392528	-0.13420735878	-0.0103363174056	-1.35183691978	0.771918207407	-1.63112449646	1.27481853962	20.7658674466
10	1	24	20.1816764145	2	6	2	5	8	2.11049844441	0.91023934006	0.00860367058945	0.0830797296206	-1.63112449646	1.27481853962	2.0439800024	1.32574617863	8.14953339277
10	1	25	20.6851110667	3	6	1	6	8	-1.80314172108	1.17097392528	0.00747698324245	0.0420928237064	2.0439800024	1.32574617863	-1.63482141495	1.28968501091	7.50079181453
10	1	26	22.0303852676	1	6	0	5	8	1.80314172108	1.17097392528	0.00260600112723	-0.104731626809	-1.63482141495	1.28968501091	1.88871371746	1.32087296247	8.25008992578
10	1	27	18.3316995747	4	6	1	6	8	-1.80314172108	1.17097392528	-0.0600868174248	0.153700815843	1.88871371746	1.32087296247	-1.53962731361	1.1375181675	9.65084334078
10	1	28	21.2163751096	2	6	0	7	8	1.80314172108	1.17097392528	0.0513998730995	-0.00899534798584	-1.53962731361	1.1375181675	1.00077885389	2.19097220898	8.3826885746
10	1	29	20.3012497734	1	6	1	4	8	-1.80314172108	1.17097392528	-0.0585364089734	0.000287295738959	1.00077885389	2.19097220898	-1.77268075943	1.42316561937	11.8498473879
10	1	30	21.4876294252	2	6	1	6	8	-1.80314172108	1.17097392528	0.00503231958847	0.0431066362471	-1.77268075943	1.42316561937	-1.84816861153	1.03570204973	11.3021146014
10	1	31	20.815489683	4	6	2	5	8	2.11049844441	0.91023934006	0.0194258495827	0.0865961913228	-1.84816861153	1.03570204973	2.22293388844	0.545634359121	7.74941547839
10	1	32	19.1110278092	3	6	0	6	8	1.80314172108	1.17097392528	0.0347865377063	0.064178880216	2.22293388844	0.545634359121	1.8588347435	1.19296497107	11.6999345995
10	1	33	21.4128659419	4	6	3	6	8	-2.11049844441	0.41023934006	-0.0210054638888	-0.0343035797878	1.8588347435	1.19296497107	-1.70423841476	1.33555608988	7.3838708004
10	1	34	20.6985394634	2	6	1	6	8	-1.80314172108	1.17097392528	0.0168671266521	0.00823149674447	-1.70423841476	1.33555608988	-1.96853423119	0.742547631264	11.5493743539
10	1	35	16.4654033871	3	6	1	5	8	-1.80314172108	1.17097392528	0.010771656806	0.0675728069097	-1.96853423119	0.742547631264	-2.24667096138	1.28288656473	10.1190848959
10	1	36	23.301239726	1	6	3	6	8	-2.11049844441	0.41023934006	0.0152910201663	-0.255906554798	-2.24667096138	1.28288656473	-1.89447855949	1.11500942707	9.21871816248
10	1	37	14.9821315588	3	6	2	4	8	2.11049844441	0.91023934006	-0.0351590160473	0.0410715718377	-1.89447855949	1.11500942707	1.82747817039	1.11027872562	8.06484752374
10	1	38	22.4328171427	4	6	2	5	8	2.11049844441	0.91023934006	0.0923083211624	-0.000759283419992	1.82747817039	1.11027872562	2.44899475574	0.583158075809	9.25183209314
10	1	39	15.0655532566	1	6	3	7	8	-2.11049844441	0.41023934006	0.0365032554412	0.123642085879	2.44899475574	0.583158075809	-2.59653615952	0.59896916151	13.2850826484
10	1	40	16.8821113368	2	6	0	6	8	1.80314172108	1.17097392528	-0.0062288825247	0.0174231281059	-2.59653615952	0.59896916151	1.47336530685	-0.530542612076	7.5672451436
