23	2	1	30.8489221412	4	0	3	5	8	-2.11049844441	0.41023934006	-0.0411716939329	0.163519946623	0.0720199932158	-0.00911700725555	-1.96541464806	1.704033494	8.66754001128
23	2	2	23.2896300357	3	0	0	5	8	1.80314172108	1.17097392528	0.0947512832888	-0.001068207622	0.119588940642	0.0446504950523	1.71604251385	1.21737444401	8.10520175076
23	2	3	22.1595452201	2	0	0	5	8	1.80314172108	1.17097392528	0.0709772709961	-0.0433229997183	0.0250003141165	0.0623119473457	1.92995821953	1.28076988459	9.36687398029
23	2	4	22.0326525072	1	0	2	7	8	2.11049844441	0.91023934006	-0.0463013594097	0.0657871905047	0.177673722506	-0.592336416245	1.62479781628	1.25095766783	8.68355746462
23	2	5	17.001632033	3	0	0	6	8	1.80314172108	1.17097392528	-0.0357524642129	0.000849598742418	-0.0269319015741	-0.00792247056961	1.69701528072	1.25202423334	9.01322713461
23	2	6	19.9600256894	2	0	2	7	8	2.11049844441	0.91023934006	0.0114020383487	-0.00331783093584	0.0838223350048	0.0413729846478	1.39107048035	1.55909633636	7.88290053597
23	2	7	18.7993636046	4	0	0	5	8	1.80314172108	1.17097392528	-0.00631131816249	0.0706445014063	0.120095781834	0.00884926319122	2.04945814133	0.551788717508	8.11748366907
23	2	8	19.5494416471	1	0	1	5	8	-1.80314172108	1.17097392528	0.0145668013499	-0.00088578528147	-0.833116953373	-0.0711628198624	-2.0423404026	1.16312611103	11.6182664977
23	2	9	20.4326946398	3	0	1	4	8	-1.80314172108	1.17097392528	-0.00290392771643	0.0039977508177	-0.175650720596	-0.0411071181297	-2.13079917908	1.26548904181	7.82036180554
23	2	10	17.64938909	4	0	2	6	8	2.11049844441	0.91023934006	0.106885060114	0.00636959183651	-0.174794559479	-0.111726045609	2.18858706474	0.516170462593	8.90186090706
23	2	11	21.5824797798	1	0	3	6	8	-2.11049844441	0.41023934006	-0.0359797096158	-0.116302363402	0.450539673567	-0.458596527576	-2.13220370293	0.445463635027	12.9683423984
23	2	12	21.0159967246	2	0	1	6	8	-1.80314172108	1.17097392528	0.0049526055764	-0.0649040206189	-0.0970499116182	-0.0115455985069	-1.43403125286	0.96834975481	8.16804403695
23	2	13	22.1990159496	2	0	3	6	8	-2.11049844441	0.41023934006	0.0402515292429	0.089059381329	-0.113376353979	-0.0451469421387	-1.77472770691	0.501178562874	10.8326983894
23	2	14	26.9326204253	3	0	3	5	8	-2.11049844441	0.41023934006	-0.0144720751188	-0.022555536486	0.141765038371	-0.00877112150192	-1.60192275524	0.696822166443	10.9166878333
23	2	15	22.8326166274	4	0	1	4	8	-1.80314172108	1.17097392528	1.16331484362e-005	0.0148223807991	-0.138979976177	-0.0493897199631	-1.59627962589	1.36897557974	10.8181442163
23	2	16	22.575093005	1	0	1	6	8	-1.80314172108	1.17097392528	-0.0641830959207	0.0282357571547	0.808025474548	0.103071123362	-1.85564327717	0.884722262621	11.0156754083
23	2	17	20.7830617239	4	0	0	7	8	1.80314172108	1.17097392528	0.0904317040015	-0.0451423918395	0.106433228478	0.0710242688656	2.06385135174	0.421131849289	8.65039456943
23	2	18	22.8156448839	2	0	3	6	8	-2.11049844441	0.41023934006	-0.0975388215081	0.0829666453787	-0.195703630447	-0.0875656604767	-1.84673429012	0.304749414325	7.86621428103
23	2	19	18.7327412846	1	0	0	4	8	1.80314172108	1.17097392528	0.0913016883622	0.0297968923908	0.0893719819188	-0.281156718731	1.71926521778	0.946140646935	10.1857113944
23	2	20	15.7102052303	3	0	3	7	8	-2.11049844441	0.41023934006	0.00109254774504	0.125794835231	0.109384269342	-0.00126129388809	-2.12829721451	0.644154250622	10.1848096066
23	2	21	21.4825537751	1	0	2	5	8	2.11049844441	0.91023934006	-0.141524609951	-0.0133170300058	-0.698297564983	-0.017488360405	1.89202188969	1.06631952524	11.467383226
23	2	22	20.6244736479	4	0	1	6	8	-1.80314172108	1.17097392528	-0.00506995815926	0.0893304338635	-0.105972414017	-0.086173593998	-1.61785459995	1.25081312656	10.1671707156
23	2	23	16.201909598	3	0	2	6	8	2.11049844441	0.91023934006	0.005883285776	-0.0434396194467	-0.17260584712	-0.0931079387665	1.81530236721	0.974692046642	9.65033104159
23	2	24	23.0261367128	2	0	0	5	8	1.80314172108	1.17097392528	0.0600282104984	-0.0628215942822	0.0139694091678	-0.0303167104721	1.59600662708	0.779613614082	7.53298251121
23	2	25	24.8157526189	1	0	0	5	8	1.80314172108	1.17097392528	0.0887916833249	0.0448302227804	-0.333180968761	-0.695531845093	1.89517843246	0.863591760397	11.0504535533
23	2	26	22.9673217019	2	0	3	4	8	-2.11049844441	0.41023934006	-0.023438611754	0.00287699406622	-0.0670772242546	-0.0411976575851	-1.47965217113	0.956078588963	9.74974110147
23	2	27	28.2324049923	4	0	3	7	8	-2.11049844441	0.41023934006	0.0303126135532	-0.00390410735721	0.0997792863101	0.00771030783653	-1.71901059628	1.14281201363	9.81823231492
23	2	28	19.5494138133	3	0	1	7	8	-1.80314172108	1.17097392528	0.117733034303	-0.0254222447242	0.0941365406662	-0.0123388171196	-1.80350029945	0.751089572906	9.83491942322
23	2	29	18.7661419328	4	0	2	6	8	2.11049844441	0.91023934006	0.0355398018713	0.0413816299434	-0.0516468930244	-0.085277557373	1.94573199272	0.347563281655	10.6505114997
23	2	30	28.6994854574	2	0	0	5	8	1.80314172108	1.17097392528	-0.0488236850557	0.013863084795	0.136090411693	-0.158637821674	1.74038254738	0.54954617843	9.9163034897
23	2	31	19.9827462598	3	0	3	5	8	-2.11049844441	0.41023934006	0.0885292178634	0.050211641496	0.0797308300436	-0.0205590128899	-1.80891025543	0.731246054173	10.7169900341
23	2	32	26.3159062791	1	0	0	7	8	1.80314172108	1.17097392528	0.0365575272273	-0.00529634892296	-0.303913270235	0.59907438606	1.80824708462	0.942406773567	10.8837167036
23	2	33	25.5995516581	1	0	3	4	8	-2.11049844441	0.41023934006	0.100380401563	0.0883836433269	0.553557629585	-0.237535476685	-1.97253454208	0.577845327556	12.7514962101
23	2	34	18.6062515421	2	0	2	4	8	2.11049844441	0.91023934006	-0.0785950247135	-0.00135654586551	-0.07370880723	-0.0611990094185	1.68490111351	-0.202474653721	13.232902595
23	2	35	18.132782602	4	0	3	5	8	-2.11049844441	0.41023934006	-0.0445895102318	-0.110376608248	0.11802408088	-0.0388445258141	-1.7808204937	1.13920712471	11.867000014
23	2	36	18.6590670637	3	0	0	4	8	1.80314172108	1.17097392528	-0.081921342245	0.0250883690053	-0.0591744679213	-0.040761590004	1.91598224163	0.996740400791	10.667350758
23	2	37	19.1494408732	3	0	2	6	8	2.11049844441	0.91023934006	-0.0048659798822	0.00956180497744	-0.035215382576	-0.0279979705811	1.81196629524	1.22512423992	10.5002259601
23	2	38	23.415843045	1	0	3	6	8	-2.11049844441	0.41023934006	-0.000632209486993	0.119796206717	0.716340179443	0.204613119364	-1.45916641235	0.558635190129	11.8359088113
23	2	39	19.3661810907	2	0	1	7	8	-1.80314172108	1.17097392528	0.127997670229	0.00513224566923	0.0408882078528	-0.0408210754395	-1.49871945858	0.997444778681	9.4097417803
23	2	40	19.5550698343	4	0	0	4	8	1.80314172108	1.17097392528	-0.0033610532847	0.104532677613	-0.0666016536951	-0.0921812653542	1.91937744141	1.00282347202	9.81693461669
