32	1	1	19.7477962144	1	4	1	5	8	-1.80314172108	1.17097392528	0.0139492484284	0.130597872359	-0.853286743164	0.44045638293	-1.48015487194	1.33201426268	10.4991861359
32	1	2	23.6974512349	2	2	3	5	8	-2.11049844441	0.41023934006	-0.117790690637	0.00630083631493	-0.0836842954159	-0.0874955058098	-0.894965291023	1.8215200901	12.4330566633
32	1	3	20.7808015263	3	4	1	5	8	-1.80314172108	1.17097392528	-0.125821855134	0.0534575736106	-0.00957626942545	-0.0536716580391	-1.39343166351	1.37527632713	7.24942835232
32	1	4	32.6136227134	4	4	3	4	8	-2.11049844441	0.41023934006	0.0368021130335	0.024709901695	-0.132998898625	-0.0535978674889	-0.867652237415	0.899884343147	6.86651154468
32	1	5	48.3131505432	4	7	1	4	8	-1.80314172108	1.17097392528	0.0131697461195	0.0845437806342	-0.0622474327683	-0.0125800967216	-1.23313319683	1.85595929623	9.13254508477
32	1	6	28.3306904327	2	8	3	4	8	-2.11049844441	0.41023934006	0.063519343682	-0.0495063850448	-0.121093355119	0.00719100236893	-0.493343502283	1.80952227116	10.8993833766
32	1	7	20.1308203601	1	9	2	4	8	2.11049844441	0.91023934006	-0.0747009885136	0.144073861593	0.872680068016	-0.0575258135796	1.76445913315	1.04270291328	12.3160782865
32	1	8	19.2643735236	3	9	0	6	8	1.80314172108	1.17097392528	0.0616648619626	-0.0328324945601	-0.0842806696892	-0.0789731740952	1.42454588413	1.20247268677	10.7660771663
32	1	9	23.5309820195	3	8	2	5	8	2.11049844441	0.91023934006	-0.239736007784	-0.0701566433847	0.0702988132834	-0.115394830704	1.56089985371	1.10325652361	10.9318226608
32	1	10	18.5639790045	2	1	2	4	8	2.11049844441	0.91023934006	0.0970028382928	-0.00388207397101	-0.0670037418604	-0.00432032346725	1.9568041563	0.35320211947	12.6660723883
32	1	11	29.0806543739	1	8	1	6	8	-1.80314172108	1.17097392528	0.0206259342734	-0.0992573513108	0.196456745267	0.615354947746	-1.18250524998	2.14832830429	9.79942339762
32	1	12	18.3482306041	4	5	0	4	8	1.80314172108	1.17097392528	-0.0401868552032	0.000727452777407	-0.105617806315	0.0722283422947	1.71345174313	0.927415698767	7.74951807451
32	1	13	18.5144933762	1	0	2	6	8	2.11049844441	0.91023934006	-0.028875306928	0.0929442672577	0.447546154261	0.0182452499866	1.79244267941	0.646099597216	9.91611988647
32	1	14	17.0979030149	3	6	3	7	8	-2.11049844441	0.41023934006	0.113232980555	0.0786366996215	0.107063025236	-0.0760184526443	-1.54750800133	0.766248136759	7.94989280102
32	1	15	23.4296577535	4	0	2	7	8	2.11049844441	0.91023934006	-0.000335217974995	0.0243526424101	0.128027692437	-0.100896835327	1.73891174793	0.82781675458	6.58307370776
32	1	16	24.2143139243	2	6	2	7	8	2.11049844441	0.91023934006	0.015200761736	0.0265103391569	0.0753079876304	-0.0521346926689	1.20549881458	0.224034577608	10.2489158039
32	1	17	19.24780659	1	2	3	5	8	-2.11049844441	0.41023934006	-0.0186920079722	0.0971319232641	-0.895205616951	-0.0679802894592	-2.79108810425	1.93566346169	11.6827203263
32	1	18	25.3311079997	2	4	1	6	8	-1.80314172108	1.17097392528	0.0186227170407	0.126432721431	-0.121492892504	-0.188882529736	-0.905340194702	1.93415427208	11.4661073644
32	1	19	22.6644113342	4	1	2	5	8	2.11049844441	0.91023934006	-0.150439702256	0.0273390567908	0.132383227348	-0.278852283955	1.60115420818	0.434225060046	6.81629257171
32	1	20	21.3312026841	3	0	2	6	8	2.11049844441	0.91023934006	0.036389600294	0.0138678584354	0.00120506982785	-0.023319542408	1.48563599586	1.37384200096	10.4494361603
32	1	21	18.881176749	2	3	2	4	8	2.11049844441	0.91023934006	-0.0504189094658	0.0260934666332	-0.162489593029	-0.154922902584	1.25288629532	0.771533221006	8.33307157626
32	1	22	16.5147044171	1	6	0	4	8	1.80314172108	1.17097392528	-0.0125182158845	0.00111952031964	0.305166035891	0.0156708955765	1.84524619579	1.22980499268	6.36622513815
32	1	23	24.7810793654	4	2	1	6	8	-1.80314172108	1.17097392528	-0.0463269985644	-0.0841830729514	-0.10668772459	0.0532021522522	-0.944920361042	0.390143014491	4.58302996504
32	1	24	26.247661009	3	3	0	7	8	1.80314172108	1.17097392528	-0.0253218232822	-0.0260284522133	-0.0190365891904	-0.125999748707	1.01229298115	0.915549665689	6.44956605015
32	1	25	22.5806794594	1	7	3	4	8	-2.11049844441	0.41023934006	-0.0152990147844	0.109495294101	0.39527079463	0.265821352601	-1.88923215866	0.0151352286339	7.09956065185
32	1	26	14.6808983159	3	7	1	5	8	-1.80314172108	1.17097392528	0.046261887659	-0.069761437992	-0.0063742431812	-0.085476398468	-1.53831398487	1.36439543962	7.99958530506
32	1	27	20.4146066163	4	9	0	5	8	1.80314172108	1.17097392528	-0.0909720717832	-0.111418281822	0.0097159286961	-0.0977670550346	1.2312297821	0.505498258397	9.48240585692
32	1	28	23.131106684	2	7	0	5	8	1.80314172108	1.17097392528	-0.00867523180624	-0.032179098191	0.0160885602236	-0.114860057831	1.8276951313	-0.0183816552162	7.33295530243
32	1	29	21.9978862862	3	1	1	4	8	-1.80314172108	1.17097392528	0.0609916476966	0.0356237110616	-0.0107773551717	0.156748712063	-1.56574463844	1.46001017094	6.31635247923
32	1	30	18.6814031803	4	6	3	5	8	-2.11049844441	0.41023934006	-0.0205333550309	-0.0397799144877	-0.0144999586046	-0.159630000591	0.832892298698	2.50724387169	10.0495111575
32	1	31	22.3131967219	2	5	1	6	8	-1.80314172108	1.17097392528	-0.0413972791779	0.022866384346	-0.213456019759	-0.168471932411	-1.11455750465	1.62619125843	9.76590563889
32	1	32	15.9315554077	1	1	1	5	8	-1.80314172108	1.17097392528	-0.000871646912448	0.000871669729627	-0.810242056847	0.0199761390686	-1.63948154449	0.951099157333	8.39997444833
32	1	33	21.8811066426	3	5	3	4	8	-2.11049844441	0.41023934006	0.053456464964	-0.0796738241652	-0.175461709499	-0.0503797531128	-1.48010826111	0.193811625242	4.78307292959
32	1	34	22.9978069095	4	8	2	7	8	2.11049844441	0.91023934006	0.147791476943	-0.00339327325986	0.100684016943	-0.076836168766	0.949438393116	0.508614858612	5.26651951806
32	1	35	20.8647062892	1	3	0	7	8	1.80314172108	1.17097392528	-0.000913899409116	0.00246990463165	-0.281561642885	-0.416111290455	1.3525480032	0.962801605463	9.04957156122
32	1	36	24.031297376	2	9	0	5	8	1.80314172108	1.17097392528	0.0250519177407	-0.0211361303288	0.0910500213504	-0.0946567058563	0.952024281025	-0.808345675468	7.38325418593
32	1	37	39.3972839292	4	3	1	6	8	-1.80314172108	1.17097392528	-0.0473507186136	-0.0546657954266	-0.0267554111779	0.0658585131168	-0.908905386925	1.39916282892	5.18306895229
32	1	38	16.3815042179	3	2	2	4	8	2.11049844441	0.91023934006	-0.139667353244	-0.0215608812128	-0.147801414132	-0.0033912062645	1.89073359966	0.973764955997	7.49957402353
32	1	39	20.3481163716	2	0	1	7	8	-1.80314172108	1.17097392528	0.00358836685013	-0.0759570745671	0.184846252203	-0.18224811554	0.197808757424	1.52866971493	6.68286877561
32	1	40	22.9812408481	1	5	2	7	8	2.11049844441	0.91023934006	0.0468786891338	-0.00240510569758	-0.537481606007	-0.0439500212669	1.34569215775	1.22101765871	5.80069067328
