34	1	1	33.530907446	3	0	3	6	8	-2.11049844441	0.41023934006	0.0578633466482	-0.0399868744483	-0.0999846160412	0.0312596559525	-1.9328840971	0.528496796265	26.0146299284
34	1	2	35.3466135741	4	2	1	5	8	-1.80314172108	1.17097392528	0.0315392520258	-0.00870174010402	0.0301419626921	-0.0774017572403	-1.62737691402	1.71828103065	17.6157098406
34	1	3	42.1964538339	1	8	2	5	8	2.11049844441	0.91023934006	0.000135459091165	0.0817054514011	-0.163483053446	-0.330225586891	1.51202261448	0.610502250493	17.9663644553
34	1	4	41.9297523001	2	0	2	7	8	2.11049844441	0.91023934006	0.104927751378	0.0179248851931	0.0408054515719	-0.0335641503334	1.41166055202	-0.0661706328392	12.9674791325
34	1	5	49.7619447897	1	6	3	5	8	-2.11049844441	0.41023934006	0.132478185228	-0.0264991102126	-0.172323539853	-0.23044282198	-1.74062359333	0.107284992933	18.615771193
34	1	6	50.8126987723	3	3	3	4	8	-2.11049844441	0.41023934006	-0.000421990641556	-0.10689271266	-0.0626820772886	-0.0588601231575	-2.70997738838	0.812664657831	26.4152979394
34	1	7	36.013654945	4	5	3	4	8	-2.11049844441	0.41023934006	0.020709555464	-0.00467654606705	-0.174061045051	-0.0940444469452	-1.89213299751	0.562719509006	16.2993219137
34	1	8	38.5632939009	2	1	3	7	8	-2.11049844441	0.41023934006	-0.070389359222	0.0525023538141	0.0426908098161	-0.0225621461868	-2.20122981071	1.35343080759	16.749184781
34	1	9	27.6138530869	2	9	0	4	8	1.80314172108	1.17097392528	-0.000974480092096	0.04267990685	-0.0981603190303	-0.0223299264908	1.32026100159	1.14257180691	22.4487696377
34	1	10	47.7963437146	3	7	2	7	8	2.11049844441	0.91023934006	-0.0188754539559	0.0725181158325	0.0224235188216	-0.0345952510834	2.18351101875	0.648301571608	20.3661062086
34	1	11	47.5628672044	1	9	1	4	8	-1.80314172108	1.17097392528	0.0431557169521	0.0566085793117	0.770065486431	0.301934495568	-1.87539172173	1.0746076107	26.1155880306
34	1	12	39.0633640961	4	1	2	7	8	2.11049844441	0.91023934006	-0.00242004369828	0.0876676528422	0.0904030427337	-0.0364818572998	2.07407808304	0.123774051666	20.3158070013
34	1	13	37.0131330668	2	3	3	6	8	-2.11049844441	0.41023934006	-0.013030022196	0.000933540907302	-0.0163326151669	-0.0547402501106	-1.04152560234	1.32150572538	13.4990613234
34	1	14	36.8802757975	3	4	1	7	8	-1.80314172108	1.17097392528	0.0139905587401	-0.0181544974573	0.0477151460946	-0.023052752018	-1.7889226675	1.10952180624	21.2152315271
34	1	15	26.7806114394	1	5	3	7	8	-2.11049844441	0.41023934006	0.017164189951	0.106436439408	-0.614118158817	0.490855433047	-2.4636619091	0.572630539536	24.8987305116
34	1	16	36.5137212945	4	0	3	4	8	-2.11049844441	0.41023934006	0.0405496527616	0.000300905739198	-0.0795477256179	-0.00600361824036	-2.5727763176	0.788461863995	33.1815996606
34	1	17	41.4632858868	2	2	3	6	8	-2.11049844441	0.41023934006	0.00229317063816	0.146373011882	-0.127722918987	-0.0455431938171	-2.09013342857	0.561692386866	12.7326486843
34	1	18	34.4462003802	3	8	2	6	8	2.11049844441	0.91023934006	-0.00241038127058	-0.0553043454906	-0.0361791402102	-0.0202917456627	0.596862614155	1.36402404308	26.7985120462
34	1	19	31.5307950641	4	9	0	6	8	1.80314172108	1.17097392528	-0.0782540690807	0.006124512316	-0.0828711688519	-0.232921659946	1.97624671459	0.0792736709118	16.7447591854
34	1	20	31.5639212311	1	3	2	6	8	2.11049844441	0.91023934006	-0.0911964460995	0.0489940439633	0.657146751881	-0.131569504738	0.503504753113	-0.425706505775	40.4146765864
34	1	21	29.2971943456	2	6	1	5	8	-1.80314172108	1.17097392528	-0.0231641065192	0.00393958430773	0.111044816673	-0.00569415092468	-1.66485702991	1.08883839846	12.4992039434
34	1	22	47.4630336103	4	7	3	6	8	-2.11049844441	0.41023934006	-0.0604251545201	-0.117330772433	-0.0965757742524	-0.0670839548111	-1.8960596323	1.05119979382	16.8991099523
34	1	23	34.0632466457	3	1	0	5	8	1.80314172108	1.17097392528	-0.0436002694558	-0.0679933956842	0.111422240734	-0.112822055817	1.75644207001	0.349365890026	16.4656895289
34	1	24	44.3131983588	1	1	3	6	8	-2.11049844441	0.41023934006	-0.00700387112588	-0.000113548180667	0.255895584822	-0.373285710812	-1.97298455238	0.736907854676	20.0985474673
34	1	25	35.6803403447	1	0	1	4	8	-1.80314172108	1.17097392528	0.0704306117069	0.00139064815036	0.804906725883	-0.167921900749	-1.74762606621	1.01307034492	19.3176004565
34	1	26	32.2639474706	2	8	1	5	8	-1.80314172108	1.17097392528	-0.131818912998	-0.00742352027184	0.0887216255069	-0.205255329609	-1.60535860062	1.16740846634	16.8155164875
34	1	27	32.4140753211	3	9	1	5	8	-1.80314172108	1.17097392528	0.0317801322091	-0.00183184007309	0.118317589164	-0.129804432392	-1.88867545128	0.983761101961	23.6840689095
34	1	28	52.2296317102	4	8	0	7	8	1.80314172108	1.17097392528	-0.0123699785873	0.135024117373	-0.0594770535827	-0.0168496966362	1.63961720467	0.69209267199	15.2658694809
34	1	29	33.1305402867	4	3	1	5	8	-1.80314172108	1.17097392528	-0.00896069929242	0.006669459484	-0.023945255205	-0.00799763202667	-1.77346551418	1.39908778667	16.7658960104
34	1	30	42.6465291883	3	6	0	6	8	1.80314172108	1.17097392528	-0.00632882073336	-0.000312580038698	0.0545138604939	-0.0833286046982	1.62659370899	1.16612398624	27.9831642196
34	1	31	41.6634839808	2	5	2	6	8	2.11049844441	0.91023934006	0.122728468086	-0.00814862584367	0.00727082276717	0.00114607810974	2.18527436256	-0.77428984642	18.2990247191
34	1	32	32.7134052651	1	2	0	6	8	1.80314172108	1.17097392528	0.0729201048006	0.0481596467561	0.399555146694	0.530351180583	1.78756284714	1.60327410698	34.2149505225
34	1	33	28.8141792673	3	5	3	4	8	-2.11049844441	0.41023934006	-0.0965365697383	-0.00933685941958	-0.0977142900229	-0.0561195611954	-1.81769740582	0.476120002568	22.8654581146
34	1	34	38.430435782	4	4	1	4	8	-1.80314172108	1.17097392528	-0.0150605785758	-0.0530589267433	0.0463833361864	0.0439153909683	-0.952845454216	1.59036505222	19.0324389489
34	1	35	34.4305951221	1	4	1	4	8	-1.80314172108	1.17097392528	-0.00177832132708	0.0261925117057	0.54257696867	-0.399163007736	-1.14346647263	1.24569457769	21.1986269435
34	1	36	23.2809922839	2	7	0	4	8	1.80314172108	1.17097392528	0.104343054293	-0.000283382682401	-0.0832093656063	-0.082662820816	1.05561447144	1.51047325134	11.3827621402
34	1	37	27.4644086167	1	7	0	7	8	1.80314172108	1.17097392528	0.0112273208768	0.0604030505399	-0.509656786919	-0.619940519333	1.32508480549	0.689856052399	12.1316363975
34	1	38	24.848018243	2	4	1	4	8	-1.80314172108	1.17097392528	-0.0401761372411	0.00105563716646	-0.0228420402855	-0.0878320932388	-0.00276066991501	2.06199133396	12.8507475313
34	1	39	22.9145057779	4	6	2	6	8	2.11049844441	0.91023934006	0.0100913755649	0.141567321675	-0.0747424513102	-0.050286591053	2.04751992226	0.372353941202	15.2326488857
34	1	40	43.300054561	3	2	1	4	8	-1.80314172108	1.17097392528	0.00834718960564	0.0111011084729	0.0688845291734	-0.10968464613	2.27865576744	0.441956881434	22.5989036346
