29	2	1	53.5959984222	4	9	2	4	8	2.11049844441	0.91023934006	0.13400993393	0.011841827464	-0.291354745626	-0.22520595789	2.74292039871	0.612096421421	9.89850464749
29	2	2	19.1140845764	1	9	2	6	8	2.11049844441	0.91023934006	-0.000772858639074	0.192819159523	0.390534281731	0.0134246051311	2.1078877449	0.609775424004	14.803949079
29	2	3	30.463445099	3	5	2	6	8	2.11049844441	0.91023934006	0.00972762131734	-0.0449306219413	-0.384403049946	-0.237475574017	0.00450211763382	2.6889936924	11.0494528366
29	2	4	26.0601448788	2	0	3	6	8	-2.11049844441	0.41023934006	0.0543952939447	-0.144654253236	-0.318688988686	-0.126680910587	0.668122053146	1.49510890245	10.5994330512
29	2	5	17.6967392577	2	3	0	4	8	1.80314172108	1.17097392528	0.0536315306769	-6.23151071884e-005	-0.249487668276	-0.107030451298	0.853947997093	1.51545476913	8.6661154612
29	2	6	19.2477191957	4	1	2	4	8	2.11049844441	0.91023934006	-0.000565194055309	0.0370363507191	-0.17513923347	-0.112758398056	2.46614694595	0.520093388855	10.1989209583
29	2	7	24.0976488507	3	1	3	4	8	-2.11049844441	0.41023934006	-0.0173432102156	0.0185020645521	-0.202998369932	-0.103601515293	-1.16985678673	1.48006337881	15.2653345791
29	2	8	16.6474801093	1	3	2	6	8	2.11049844441	0.91023934006	-0.0105155060355	0.00975694105114	0.190041124821	0.0465106964111	2.23753929138	0.944007575512	11.3509192865
29	2	9	30.4803712289	2	8	2	7	8	2.11049844441	0.91023934006	0.166317931881	-0.00279893428413	0.261676698923	-0.0264711380005	-1.08294987679	1.17576092482	14.9160112906
29	2	10	24.0971888216	1	5	0	5	8	1.80314172108	1.17097392528	0.0719613572339	0.0234084548803	-0.0614893548191	-0.0673588514328	2.11689352989	1.19430792332	10.5337819696
29	2	11	12.9313919875	4	4	0	6	8	1.80314172108	1.17097392528	0.173407005783	-0.15039738818	-0.13773278892	-0.0857238173485	1.00497198105	2.53407883644	11.5163813918
29	2	12	16.3804520971	3	3	0	6	8	1.80314172108	1.17097392528	-0.0332653581768	0.0165311001642	-0.128481939435	-0.0749632716179	1.57489073277	1.5964807272	11.3830754801
29	2	13	22.0809417383	4	2	1	7	8	-1.80314172108	1.17097392528	-0.0962279631481	-0.00929028967414	-0.0285540036857	-0.00837558507919	-1.28898692131	2.49887156487	8.91688226231
29	2	14	29.1305160369	3	8	2	7	8	2.11049844441	0.91023934006	-0.0018047117137	0.0506934669303	0.126639962196	0.0101543068886	2.70295453072	1.51611495018	15.48249773
29	2	15	23.0475899247	1	4	1	4	8	-1.80314172108	1.17097392528	0.00023132178428	-0.0212179951236	0.21076951921	0.0375072360039	-2.59037590027	1.15461063385	18.682507555
29	2	16	20.0586651997	2	4	0	5	8	1.80314172108	1.17097392528	0.00985185781299	-0.0264321456144	0.159712940454	-0.0512092113495	1.75853252411	-0.0684115290642	14.5658846494
29	2	17	26.7304518463	2	5	1	4	8	-1.80314172108	1.17097392528	-0.016042662362	-0.0471882502917	-0.13964137435	-0.0317172408104	-1.5925167799	-0.853124380112	9.61556663086
29	2	18	18.7349667936	1	7	0	7	8	1.80314172108	1.17097392528	-0.0280536715692	0.0321652437384	0.00668888958171	-0.237465381622	1.05459606647	1.95705091953	8.34973980226
29	2	19	20.3311475339	4	8	3	6	8	-2.11049844441	0.41023934006	-0.0387360149667	-0.0293690439313	-0.30914786458	-0.206295669079	2.64490222931	0.0101817250252	9.71548193203
29	2	20	23.4809468584	3	9	1	7	8	-1.80314172108	1.17097392528	0.103728066061	0.0227145681307	0.354844510555	0.00741282105446	-1.98542451859	1.08791136742	9.28346921131
29	2	21	19.7339778264	4	5	0	7	8	1.80314172108	1.17097392528	0.0103239961059	-0.0737041840501	0.245609641075	-0.140547633171	1.25015544891	0.939354211092	6.98963272738
29	2	22	21.4810433923	2	2	1	6	8	-1.80314172108	1.17097392528	0.0337136938945	-0.0112917038256	-0.404508501291	-0.183551371098	-1.34532094002	0.333052545786	8.15045924396
29	2	23	20.7311087032	3	2	0	5	8	1.80314172108	1.17097392528	0.04549978208	-0.00517056179094	0.452917128801	-0.209734618664	1.22644126415	0.819751322269	6.29944585464
29	2	24	20.3963057194	1	8	3	4	8	-2.11049844441	0.41023934006	0.0919282910132	0.0310639380248	0.0112242316827	-0.38872474432	-1.68211853504	1.04922950268	12.4825361483
29	2	25	20.6980275982	2	6	0	5	8	1.80314172108	1.17097392528	-0.0731134945769	0.000589691228027	0.319601595402	-0.204597473145	2.00618505478	-0.187406897545	10.4825535578
29	2	26	20.1146936308	3	6	1	4	8	-1.80314172108	1.17097392528	0.0036468212813	0.145796501251	-0.366729557514	-0.353397428989	-1.99454760551	0.80506259203	9.21099504318
29	2	27	18.397836361	4	3	3	5	8	-2.11049844441	0.41023934006	-0.105633059576	-0.00264762730742	0.197076633573	-0.233427226543	-2.49385023117	0.471662405878	15.6159470264
29	2	28	20.630987862	1	0	3	7	8	-2.11049844441	0.41023934006	-0.0249508275847	0.155079300684	0.253390967846	-0.145256459713	-1.59368598461	-0.126318275928	12.7997895966
29	2	29	26.3973350683	1	1	0	7	8	1.80314172108	1.17097392528	0.0100900982284	-0.0704595921294	-0.390658527613	-0.0990530252457	1.52703285217	0.47750566341	9.64953290084
29	2	30	18.9313475667	4	6	0	4	8	1.80314172108	1.17097392528	0.0466123459209	0.047250041134	-0.261337965727	-0.150077581406	2.18140530586	0.370870351791	7.86604271943
29	2	31	16.8139649865	3	7	3	5	8	-2.11049844441	0.41023934006	0.00315272776071	0.0339288509912	0.248637899756	-0.235871970654	-1.92694365978	0.849457740784	8.76678547055
29	2	32	16.3650635966	2	9	3	7	8	-2.11049844441	0.41023934006	-0.00985917047545	0.0708970067774	0.307392507792	-0.107581436634	-1.43259871006	0.557294279337	5.78311947822
29	2	33	58.4293093626	4	7	3	5	8	-2.11049844441	0.41023934006	0.0499291832862	-0.0186349884715	0.139762297273	-0.148151278496	-2.16583395004	0.710661232471	7.79963792587
29	2	34	14.9150054616	3	0	0	4	8	1.80314172108	1.17097392528	0.001659901901	0.115151753359	-0.22754573822	-0.0724402666092	2.27508997917	0.737683907151	10.3856057495
29	2	35	21.6145322473	2	7	2	7	8	2.11049844441	0.91023934006	0.0182064254526	0.044190057804	0.236777245998	0.00506246089935	2.11799192429	-0.098009288311	8.34920891906
29	2	36	14.1481973245	1	2	1	5	8	-1.80314172108	1.17097392528	0.00482330799369	-0.0945523066631	-0.0813574790955	-0.0876331925392	0.590715229511	2.16179716587	17.0824864571
29	2	37	19.0148017969	2	1	3	4	8	-2.11049844441	0.41023934006	-0.133500930761	-0.0574955437322	-0.485368847847	-0.375552296638	-2.54428601265	-1.64096498489	9.04981624259
29	2	38	13.1813750628	3	4	3	7	8	-2.11049844441	0.41023934006	0.105199886746	0.00663790771236	0.321904569864	-0.0424060821533	-2.16399288177	0.907451480627	7.51648176072
29	2	39	16.1813895182	4	0	1	7	8	-1.80314172108	1.17097392528	0.0777065788623	-0.0205848038374	0.360944837332	-0.0360118746758	-1.22260797024	0.763969480991	8.44953586044
29	2	40	17.2467233143	1	6	3	4	8	-2.11049844441	0.41023934006	-0.00690715307331	0.0611818991103	0.326685011387	-0.107582449913	-2.06676292419	0.618811227381	15.2995760214
