4	2	1	19.9985710424	1	7	1	5	8	-1.80314172108	1.17097392528	0.0848505820646	0.0488044984399	0.5	0.5	-1.36397480965	0.928936958313	15.9846098568
4	2	2	25.5982249352	4	7	3	4	8	-2.11049844441	0.41023934006	0.134237784875	0.105774527247	-1.36397480965	0.928936958313	-1.75544428825	1.1120929122	11.3001222736
4	2	3	14.6823294989	3	7	3	7	8	-2.11049844441	0.41023934006	0.0270348849941	-0.0098412812645	-1.75544428825	1.1120929122	-2.35419607162	0.599313534796	10.0807081238
4	2	4	18.4320062742	2	7	1	7	8	-1.80314172108	1.17097392528	-0.043683657885	-0.0236141950175	-2.35419607162	0.599313534796	-1.17944061756	1.62469041348	13.9657448179
4	2	5	16.8156432503	4	7	0	4	8	1.80314172108	1.17097392528	-0.0178246266912	-0.0242779017888	-1.17944061756	1.62469041348	2.07082784176	0.864260286093	8.64998445547
4	2	6	24.248313007	2	7	3	4	8	-2.11049844441	0.41023934006	0.124262964284	-0.000156284957621	2.07082784176	0.864260286093	-2.26489496231	1.02719986439	9.38268377129
4	2	7	24.5481328935	1	7	3	6	8	-2.11049844441	0.41023934006	-0.104418217549	-0.0119786335659	-2.26489496231	1.02719986439	-1.92108511925	0.497657925589	13.9860341115
4	2	8	21.5151107703	3	7	2	5	8	2.11049844441	0.91023934006	-0.125898003355	0.0171171624445	-1.92108511925	0.497657925589	1.47575569153	1.34780234098	7.28340390963
4	2	9	18.9815954024	1	7	3	5	8	-2.11049844441	0.41023934006	-0.101262757099	-0.0133938444672	1.47575569153	1.34780234098	-2.01133084297	0.447366662323	13.3366743844
4	2	10	27.1812791098	3	7	1	4	8	-1.80314172108	1.17097392528	-0.0307258183081	-0.0878877288541	-2.01133084297	0.447366662323	-2.34645748138	1.45558494329	14.651176858
4	2	11	21.698505684	4	7	1	6	8	-1.80314172108	1.17097392528	0.0754027464441	0.0252409253582	-2.34645748138	1.45558494329	-1.61326694489	2.25438702106	11.7830781512
4	2	12	24.6481421225	2	7	1	4	8	-1.80314172108	1.17097392528	-0.0538418885596	-0.0084336984252	-1.61326694489	2.25438702106	-2.58589053154	1.44382441044	11.7326366753
4	2	13	24.2649802752	1	7	1	7	8	-1.80314172108	1.17097392528	0.0712537666773	-0.000643980674347	-2.58589053154	1.44382441044	-2.11416006088	1.18095159531	30.7328704748
4	2	14	27.4811151423	3	7	0	7	8	1.80314172108	1.17097392528	0.0132910115465	0.083864799817	-2.11416006088	1.18095159531	2.1508667469	1.3614513278	16.7342520206
4	2	15	21.1983659637	2	7	3	5	8	-2.11049844441	0.41023934006	0.0612075213328	-0.00681784905201	2.1508667469	1.3614513278	-1.15131640434	0.0897083282471	19.4819764182
4	2	16	15.6989755761	4	7	3	7	8	-2.11049844441	0.41023934006	-0.00220262227891	-0.00957597178587	-1.15131640434	0.0897083282471	-2.04190373421	1.71087086201	11.964505793
4	2	17	15.0004046389	2	7	0	4	8	1.80314172108	1.17097392528	-0.0118136803876	0.0854125136207	-2.04190373421	1.71087086201	2.38995540142	0.659908697009	11.4487389722
4	2	18	21.9982354047	4	7	2	5	8	2.11049844441	0.91023934006	-0.0678003869845	-0.00103129054929	2.38995540142	0.659908697009	1.90536534786	0.75503128767	10.7663734521
4	2	19	22.1481925341	1	7	1	4	8	-1.80314172108	1.17097392528	-0.126607417625	0.0759476102293	1.90536534786	0.75503128767	-1.78678202629	0.516691058874	17.6335681328
4	2	20	19.99876499	3	7	1	7	8	-1.80314172108	1.17097392528	-0.00316436237643	-0.0256142514957	-1.78678202629	0.516691058874	-2.17229366302	1.33377230167	12.9842944664
4	2	21	15.998576452	4	7	1	5	8	-1.80314172108	1.17097392528	0.046766638712	0.0064530965644	-2.17229366302	1.33377230167	-1.3146699667	1.62078380585	18.1336941694
4	2	22	30.1647846397	2	7	2	7	8	2.11049844441	0.91023934006	0.158608751169	0.0403023383513	-1.3146699667	1.62078380585	1.63179731369	0.723476871848	18.2655393068
4	2	23	24.9149926206	1	7	2	7	8	2.11049844441	0.91023934006	0.136900308017	-0.0193340854362	1.63179731369	0.723476871848	1.20721966028	0.648488342762	10.1331772753
4	2	24	21.9823504831	3	7	1	6	8	-1.80314172108	1.17097392528	0.00416431992376	0.0273186286826	1.20721966028	0.648488342762	-2.02623105049	1.30263125896	11.7000857035
4	2	25	24.5979021428	3	7	3	4	8	-2.11049844441	0.41023934006	-0.0448721051547	0.103048299186	-2.02623105049	1.30263125896	-2.11646342278	1.43456065655	8.36802157814
4	2	26	23.0645679223	1	7	3	4	8	-2.11049844441	0.41023934006	0.0262660753256	-0.0504586056104	-2.11646342278	1.43456065655	-2.21406030655	0.64213912189	17.717334431
4	2	27	31.41524925	2	7	3	6	8	-2.11049844441	0.41023934006	-0.217333642115	0.0244054315474	-2.21406030655	0.64213912189	-2.7012796402	0.0136063694954	9.09929701891
4	2	28	22.1984415285	4	7	3	6	8	-2.11049844441	0.41023934006	-0.004520956616	-0.027301717853	-2.7012796402	0.0136063694954	-2.08037185669	1.10028380156	15.4841816811
4	2	29	19.5817718432	4	7	1	7	8	-1.80314172108	1.17097392528	0.0970195315652	0.00341674130645	-2.08037185669	1.10028380156	-1.41864562035	1.96905362606	17.7344195481
4	2	30	26.2482305891	1	7	2	7	8	2.11049844441	0.91023934006	0.0216865708503	0.10171896935	-1.41864562035	1.96905362606	1.39305895567	0.415526591241	14.1809614112
4	2	31	15.5157528815	2	7	2	6	8	2.11049844441	0.91023934006	-0.0943446040916	0.0824682592826	1.39305895567	0.415526591241	1.80969715118	1.16795063019	8.83278619601
4	2	32	20.3817261532	3	7	0	5	8	1.80314172108	1.17097392528	0.0336367721403	-0.115103660582	1.80969715118	1.16795063019	1.98399341106	1.68334007263	10.5703375023
4	2	33	12.5658343784	4	7	0	4	8	1.80314172108	1.17097392528	0.0568256977879	-0.0151010279359	1.98399341106	1.68334007263	2.0618917942	0.895719498396	9.03346209917
4	2	34	16.2155245329	3	7	2	6	8	2.11049844441	0.91023934006	0.108971466891	-0.00936440257441	2.0618917942	0.895719498396	1.98303520679	1.15858328342	12.1674725687
4	2	35	13.5490478629	1	7	0	6	8	1.80314172108	1.17097392528	0.0663981520689	0.103844945894	1.98303520679	1.15858328342	1.85206079483	0.940461337566	16.2990011428
4	2	36	19.2985274576	2	7	0	5	8	1.80314172108	1.17097392528	0.00311031806464	0.00436359749366	1.85206079483	0.940461337566	2.83392834663	1.42579561472	10.7010475396
4	2	37	19.248555637	4	7	2	7	8	2.11049844441	0.91023934006	0.0969004130968	0.0743366928421	2.83392834663	1.42579561472	2.0699262619	0.781928509474	7.91684654712
4	2	38	21.0814225743	2	7	1	7	8	-1.80314172108	1.17097392528	-0.028322101536	0.100509995358	2.0699262619	0.781928509474	-1.5884578228	2.0337022543	9.18276030224
4	2	39	30.0979692455	3	7	3	4	8	-2.11049844441	0.41023934006	-0.0281848596478	0.0626850179488	-1.5884578228	2.0337022543	-2.04570603371	0.325479507446	22.8833187512
4	2	40	12.3991072253	1	7	0	4	8	1.80314172108	1.17097392528	0.162549240726	-0.0237551548729	-2.04570603371	0.325479507446	2.14808595181	1.05601769686	17.5337642156
